#  Log[10,T [fm^-1]]	Log[10,E [fm^-4]]	Log[10,dE [fm^-4]]	Log[10,P [fm^-4]]	Log[10,dP [fm^-4]]
1001
-9.	-229.1752039956731	-218.59244544782902	-230.61265767600207	-220.15962576138972
-8.987	-228.80624740978726	-218.39301879275527	-230.24370109011625	-219.8036691755037
-8.974	-228.43729082390138	-217.99684503240942	-229.87474450423036	-219.44771258961788
-8.961	-228.06833423801555	-217.6408884465236	-229.5057879183446	-219.09175600373206
-8.948	-227.69937765212973	-217.28493186063778	-229.1368313324587	-218.7357994178462
-8.935	-227.3304210662439	-216.92897527475193	-228.7678747465729	-218.37984283196033
-8.922	-226.96146448035805	-216.57301868886609	-228.398918160687	-218.02388624607454
-8.909	-226.5925078944722	-216.21706210298024	-228.02996157480123	-217.66792966018866
-8.896	-226.22355130858634	-215.8611055170944	-227.66100498891535	-217.31197307430287
-8.883	-225.85459472270045	-215.50514893120857	-227.2920484030295	-216.956016488417
-8.87	-225.48563813681469	-215.14919234532275	-226.92309181714373	-216.60005990253117
-8.857	-225.1166815509288	-214.79323575943687	-226.55413523125785	-216.24410331664532
-8.844	-224.74772496504298	-214.43727917355108	-226.18517864537208	-215.88814673075953
-8.831	-224.37876837915715	-214.08132258766517	-225.81622205948625	-215.5321901448737
-8.818	-224.00981179327127	-213.72536600177932	-225.4472654736003	-215.1762335589878
-8.805	-223.6408552073855	-213.36940941589353	-225.07830888771454	-214.82027697310198
-8.792	-223.27189862149962	-213.01345283000762	-224.7093523018286	-214.4643203872161
-8.779	-222.90294203561373	-212.6574962441218	-224.3403957159428	-214.10836380133028
-8.766	-222.5339854497279	-212.30153965823595	-223.97143913005695	-213.7524072154444
-8.753	-222.16502886384205	-211.94558307235013	-223.6024825441711	-213.39645062955856
-8.74	-221.79607227795623	-211.5896264864643	-223.23352595828524	-213.04049404367274
-8.727	-221.4271156920704	-211.23366990057843	-222.86456937239944	-212.68453745778692
-8.714	-221.05815910618455	-210.8777133146926	-222.49561278651356	-212.32858087190104
-8.701	-220.68920252029872	-210.52175672880676	-222.12665620062774	-211.9726242860152
-8.688	-220.3202459344129	-210.16580014292094	-221.75769961474188	-211.61666770012937
-8.675	-219.95128934852704	-209.8098435570351	-221.38874302885606	-211.26071111424355
-8.662	-219.5823327626412	-209.45388697114922	-221.01978644297023	-210.90475452835773
-8.649	-219.21337617675533	-209.0979303852634	-220.6508298570844	-210.54879794247188
-8.636	-218.8444195908695	-208.7419737993776	-220.28187327119858	-210.19284135658603
-8.623	-218.47546300498368	-208.3860172134917	-219.91291668531272	-209.83688477070024
-8.61	-218.1065064190978	-208.03006062760585	-219.5439600994268	-209.48092818481427
-8.597	-217.737549833212	-207.67410404172006	-219.17500351354101	-209.1249715989285
-8.584	-217.36859324732612	-207.3181474558342	-218.80604692765516	-208.76901501304263
-8.571	-216.99963666144032	-206.96219086994836	-218.43709034176936	-208.4130584271568
-8.558	-216.63068007555444	-206.60623428406245	-218.06813375588345	-208.05710184127096
-8.545	-216.2617234896686	-206.2502776981767	-217.69917716999763	-207.7011452553851
-8.532	-215.89276690378279	-205.8943211122908	-217.33022058411183	-207.3451886694993
-8.519	-215.5238103178969	-205.53836452640496	-216.96126399822597	-206.98923208361344
-8.506	-215.15485373201108	-205.18240794051914	-216.59230741234012	-206.63327549772757
-8.493	-214.78589714612522	-204.82645135463332	-216.22335082645424	-206.27731891184172
-8.48	-214.4169405602394	-204.47049476874747	-215.8543942405684	-205.9213623259559
-8.467	-214.04798397435357	-204.11453818286162	-215.48543765468256	-205.56540574007008
-8.454	-213.67902738846772	-203.75858159697574	-215.11648106879673	-205.2094491541842
-8.441	-213.31007080258183	-203.40262501108992	-214.74752448291085	-204.85349256829835
-8.428	-212.94111421669604	-203.04666842520413	-214.37856789702508	-204.49753598241256
-8.415	-212.5721576308102	-202.69071183931825	-214.00961131113925	-204.14157939652674
-8.402	-212.20320104492436	-202.3347552534324	-213.64065472525343	-203.78562281064094
-8.389	-211.83424445903853	-201.97879866754653	-213.27169813936754	-203.42966622475498
-8.376	-211.46528787315265	-201.6228420816607	-212.9027415534817	-203.07370963886916
-8.363	-211.09633128726685	-201.2668854957749	-212.53378496759586	-202.71775305298334
-8.35	-210.72737470138094	-200.910928909889	-212.16482838170998	-202.36179646709746
-8.337	-210.3584181154951	-200.55497232400322	-211.79587179582413	-202.00583988121159
-8.324	-209.98946152960931	-200.19901573811734	-211.42691520993836	-201.64988329532582
-8.311	-209.62050494372343	-199.84305915223152	-211.05795862405247	-201.29392670943994
-8.298	-209.25154835783766	-199.48710256634567	-210.68900203816668	-200.93797012355412
-8.285	-208.88259177195175	-199.1311459804598	-210.32004545228077	-200.58201353766822
-8.272	-208.51363518606593	-198.77518939457397	-209.95108886639488	-200.22605695178243
-8.259	-208.14467860018007	-198.41923280868812	-209.5821322805091	-199.87010036589658
-8.246	-207.77572201429425	-198.0632762228023	-209.21317569462323	-199.51414378001076
-8.233	-207.4067654284084	-197.70731963691648	-208.84421910873743	-199.1581871941249
-8.22	-207.03780884252257	-197.3513630510306	-208.47526252285158	-198.802230608239
-8.207	-206.66885225663668	-196.99540646514475	-208.1063059369657	-198.4462740223532
-8.194	-206.29989567075086	-196.63944987925893	-207.7373493510799	-198.09031743646742
-8.181	-205.93093908486503	-196.28349329337306	-207.3683927651941	-197.7343608505816
-8.168	-205.56198249897915	-195.92753670748723	-206.9994361793082	-197.37840426469566
-8.155	-205.19302591309338	-195.57158012160141	-206.6304795934224	-197.02244767880987
-8.142	-204.8240693272075	-195.21562353571554	-206.2615230075365	-196.666491092924
-8.129	-204.45511274132164	-194.85966694982972	-205.89256642165068	-196.31053450703814
-8.116	-204.08615615543584	-194.50371036394387	-205.5236098357649	-195.95457792115238
-8.103	-203.71719956954996	-194.14775377805802	-205.154653249879	-195.59862133526647
-8.09	-203.34824298366414	-193.79179719217223	-204.7856966639932	-195.24266474938065
-8.077	-202.97928639777828	-193.43584060628632	-204.4167400781073	-194.88670816349477
-8.064	-202.61032981189243	-193.07988402040047	-204.04778349222144	-194.53075157760895
-8.051	-202.24137322600657	-192.72392743451465	-203.67882690633562	-194.17479499172308
-8.038	-201.87241664012075	-192.36797084862883	-203.30987032044976	-193.81883840583728
-8.025	-201.50346005423492	-192.01201426274298	-202.94091373456396	-193.46288181995143
-8.012	-201.1345034683491	-191.65605767685716	-202.57195714867808	-193.10692523406559
-7.999	-200.76554688246327	-191.30010109097128	-202.2030005627923	-192.75096864817985
-7.986	-200.3965902965774	-190.94414450508543	-201.83404397690643	-192.3950120622939
-7.973	-200.02763371069156	-190.5881879191996	-201.4650873910206	-192.03905547640807
-7.96	-199.6586771248057	-190.23223133331373	-201.09613080513475	-191.68309889052216
-7.947	-199.28972053891985	-189.8762747474279	-200.7271742192489	-191.3271423046364
-7.934	-198.92076395303403	-189.52031816154206	-200.3582176333631	-190.97118571875055
-7.921	-198.55180736714817	-189.16436157565624	-199.98926104747719	-190.61522913286467
-7.908	-198.18285078126237	-188.80840498977042	-199.6203044615914	-190.2592725469789
-7.895	-197.81389419537652	-188.45244840388455	-199.25134787570556	-189.90331596109303
-7.882	-197.44493760949064	-188.09649181799867	-198.8823912898197	-189.54735937520718
-7.869	-197.07598102360478	-187.74053523211285	-198.51343470393385	-189.1914027893213
-7.856	-196.70702443771899	-187.38457864622703	-198.144478118048	-188.8354462034355
-7.843	-196.33806785183313	-187.02862206034115	-197.77552153216214	-188.4794896175496
-7.83	-195.96911126594728	-186.67266547445536	-197.4065649462763	-188.12353303166375
-7.817	-195.60015468006145	-186.31670888856948	-197.03760836039046	-187.76757644577796
-7.804	-195.23119809417557	-185.96075230268366	-196.6686517745046	-187.41161985989208
-7.791	-194.86224150828977	-185.60479571679784	-196.2996951886188	-187.05566327400632
-7.778	-194.49328492240392	-185.24883913091196	-195.930738602733	-186.69970668812044
-7.765	-194.1243283365181	-184.8928825450261	-195.5617820168471	-186.3437501022346
-7.752	-193.75537175063224	-184.53692595914026	-195.19282543096125	-185.98779351634875
-7.739	-193.3864151647464	-184.18096937325444	-194.82386884507545	-185.63183693046295
-7.726	-193.01745857886058	-183.8250127873686	-194.45491225918963	-185.27588034457705
-7.713	-192.6485019929747	-183.46905620148277	-194.0859556733037	-184.9199237586912
-7.7	-192.27954540708888	-183.11309961559695	-193.71699908741792	-184.56396717280538
-7.687	-191.91058882120302	-182.75714302971107	-193.34804250153203	-184.2080105869195
-7.674	-191.5416322353172	-182.40118644382522	-192.9790859156462	-183.85205400103374
-7.661	-191.17267564943128	-182.04522985793938	-192.61012932976035	-183.49609741514783
-7.648	-190.8037190635455	-181.68927327205358	-192.24117274387453	-183.14014082926204
-7.635	-190.4347624776597	-181.3333166861677	-191.87221615798876	-182.78418424337625
-7.622	-190.0658058917738	-180.97736010028186	-191.50325957210288	-182.42822765749034
-7.609	-189.69684930588798	-180.621403514396	-191.13430298621702	-182.0722710716045
-7.596	-189.32789272000213	-180.2654469285102	-190.76534640033114	-181.7163144857186
-7.583	-188.9589361341163	-179.90949034262437	-190.39638981444534	-181.36035789983282
-7.57	-188.58997954823045	-179.55353375673846	-190.0274332285595	-181.00440131394691
-7.557	-188.2210229623446	-179.19757717085267	-189.6584766426736	-180.64844472806115
-7.544	-187.85206637645877	-178.84162058496682	-189.28952005678786	-180.29248814217542
-7.531	-187.4831097905729	-178.48566399908097	-188.92056347090195	-179.93653155628945
-7.518	-187.1141532046871	-178.12970741319515	-188.55160688501616	-179.58057497040363
-7.505	-186.74519661880123	-177.77375082730927	-188.18265029913024	-179.22461838451775
-7.492	-186.37624003291538	-177.41779424142342	-187.81369371324445	-178.86866179863193
-7.479	-186.00728344702952	-177.0618376555376	-187.44473712735854	-178.51270521274603
-7.466	-185.63832686114372	-176.70588106965178	-187.07578054147274	-178.15674862686026
-7.453	-185.26937027525787	-176.3499244837659	-186.70682395558688	-177.80079204097433
-7.44	-184.90041368937204	-175.99396789788008	-186.33786736970103	-177.44483545508857
-7.427	-184.5314571034862	-175.63801131199423	-185.96891078381526	-177.0888788692028
-7.414	-184.1625005176003	-175.28205472610838	-185.59995419792938	-176.73292228331687
-7.401	-183.79354393171448	-174.92609814022254	-185.23099761204355	-176.37696569743096
-7.388	-183.42458734582863	-174.5701415543367	-184.86204102615764	-176.0210091115451
-7.375	-183.05563075994283	-174.21418496845087	-184.49308444027184	-175.66505252565932
-7.362	-182.68667417405698	-173.85822838256502	-184.12412785438596	-175.30909593977344
-7.349	-182.31771758817115	-173.5022717966792	-183.75517126850016	-174.95313935388765
-7.336	-181.9487610022853	-173.14631521079335	-183.38621468261434	-174.59718276800177
-7.323	-181.57980441639944	-172.7903586249075	-183.01725809672843	-174.24122618211595
-7.31	-181.21084783051361	-172.43440203902165	-182.64830151084269	-173.88526959623022
-7.297	-180.84189124462776	-172.0784454531358	-182.2793449249568	-173.52931301034428
-7.284	-180.4729346587419	-171.72248886724995	-181.91038833907095	-173.17335642445843
-7.271	-180.10397807285602	-171.36653228136413	-181.54143175318507	-172.81739983857256
-7.258	-179.73502148697023	-171.0105756954783	-181.17247516729927	-172.46144325268676
-7.245	-179.36606490108437	-170.65461910959243	-180.8035185814134	-172.10548666680086
-7.232	-178.99710831519855	-170.2986625237066	-180.43456199552753	-171.74953008091506
-7.219	-178.62815172931272	-169.94270593782076	-180.06560540964176	-171.39357349502924
-7.206	-178.25919514342687	-169.5867493519349	-179.69664882375588	-171.0376169091434
-7.193	-177.89023855754107	-169.2307927660491	-179.3276922378701	-170.6816603232576
-7.18	-177.52128197165518	-168.87483618016321	-178.95873565198423	-170.3257037373717
-7.167	-177.15232538576933	-168.51887959427737	-178.58977906609837	-169.96974715148582
-7.154	-176.78336879988348	-168.16292300839154	-178.2208224802125	-169.6137905656
-7.141	-176.41441221399765	-167.80696642250572	-177.8518658943267	-169.25783397971418
-7.128	-176.04545562811182	-167.45100983661987	-177.48290930844084	-168.90187739382833
-7.115	-175.67649904222597	-167.09505325073403	-177.11395272255498	-168.54592080794248
-7.102	-175.30754245634014	-166.73909666484818	-176.7449961366692	-168.18996422205666
-7.089	-174.93858587045426	-166.38314007896236	-176.3760395507833	-167.8340076361708
-7.076	-174.56962928456846	-166.0271834930765	-176.00708296489753	-167.47805105028502
-7.063	-174.20067269868258	-165.67122690719063	-175.6381263790116	-167.12209446439908
-7.05	-173.83171611279678	-165.31527032130487	-175.2691697931258	-166.7661378785133
-7.037	-173.46275952691093	-164.95931373541896	-174.90021320723997	-166.4101812926275
-7.024	-173.09380294102507	-164.6033571495331	-174.53125662135412	-166.0542247067416
-7.011	-172.72484635513922	-164.24740056364726	-174.16230003546826	-165.69826812085574
-6.998	-172.35588976925337	-163.8914439777614	-173.79334344958238	-165.3423115349699
-6.985	-171.98693318336754	-163.53548739187556	-173.42438686369658	-164.98635494908405
-6.972	-171.6179765974817	-163.17953080598974	-173.0554302778107	-164.6303983631982
-6.959	-171.24902001159586	-162.82357422010392	-172.6864736919249	-164.27444177731238
-6.946	-170.88006342571	-162.46761763421807	-172.31751710603905	-163.91848519142653
-6.933	-170.51110683982418	-162.11166104833225	-171.94856052015322	-163.56252860554068
-6.92	-170.14215025393835	-161.7557044624464	-171.5796039342674	-163.20657201965486
-6.907	-169.7731936680525	-161.39974787656055	-171.2106473483815	-162.850615433769
-6.894	-169.40423708216665	-161.04379129067473	-170.8416907624957	-162.4946588478832
-6.881	-169.03528049628082	-160.68783470478888	-170.47273417660983	-162.13870226199734
-6.868	-168.66632391039496	-160.33187811890303	-170.103777590724	-161.78274567611146
-6.855	-168.2973673245091	-159.97592153301716	-169.7348210048381	-161.42678909022564
-6.842	-167.92841073862326	-159.6199649471313	-169.3658644189523	-161.0708325043398
-6.829	-167.55945415273743	-159.2640083612455	-168.99690783306644	-160.71487591845397
-6.816	-167.1904975668516	-158.90805177535964	-168.62795124718065	-160.35891933256812
-6.803	-166.82154098096578	-158.55209518947382	-168.2589946612948	-160.00296274668227
-6.79	-166.45258439507992	-158.19613860358797	-167.89003807540897	-159.64700616079645
-6.777	-166.08362780919407	-157.84018201770212	-167.52108148952314	-159.29104957491057
-6.764	-165.71467122330824	-157.48422543181627	-167.15212490363726	-158.93509298902472
-6.751	-165.3457146374224	-157.12826884593045	-166.7831683177514	-158.57913640313888
-6.738	-164.97675805153654	-156.7723122600446	-166.41421173186555	-158.22317981725305
-6.725	-164.6078014656507	-156.41635567415875	-166.04525514597972	-157.8672232313672
-6.712	-164.23884487976483	-156.0603990882729	-165.67629856009387	-157.51126664548138
-6.699	-163.869888293879	-155.70444250238708	-165.30734197420807	-157.15531005959554
-6.686	-163.50093170799317	-155.34848591650123	-164.9383853883222	-156.7993534737097
-6.673	-163.13197512210735	-154.9925293306154	-164.56942880243636	-156.44339688782387
-6.66	-162.76301853622152	-154.63657274472956	-164.20047221655054	-156.08744030193805
-6.647	-162.39406195033567	-154.28061615884366	-163.8315156306647	-155.73148371605217
-6.634	-162.0251053644498	-153.92465957295784	-163.46255904477883	-155.3755271301663
-6.621	-161.65614877856396	-153.56870298707202	-163.093602458893	-155.0195705442805
-6.608	-161.2871921926781	-153.21274640118617	-162.72464587300718	-154.66361395839465
-6.595	-160.91823560679228	-152.85678981530032	-162.3556892871213	-154.30765737250877
-6.582	-160.54927902090643	-152.50083322941447	-161.98673270123547	-153.95170078662298
-6.569	-160.1803224350206	-152.14487664352865	-161.61777611534964	-153.5957442007371
-6.556	-159.81136584913475	-151.78892005764283	-161.2488195294638	-153.23978761485125
-6.543	-159.44240926324892	-151.43296347175698	-160.87986294357796	-152.88383102896543
-6.53	-159.07345267736306	-151.07700688587113	-160.51090635769205	-152.52787444307958
-6.517	-158.70449609147724	-150.7210502999853	-160.14194977180625	-152.17191785719376
-6.504	-158.3355395055914	-150.36509371409946	-159.77299318592043	-151.81596127130794
-6.491	-157.96658291970556	-150.0091371282136	-159.40403660003463	-151.46000468542212
-6.478	-157.59762633381968	-149.65318054232773	-159.03508001414872	-151.1040480995362
-6.465	-157.22866974793385	-149.29722395644194	-158.6661234282629	-150.7480915136504
-6.452	-156.85971316204802	-148.94126737055606	-158.29716684237707	-150.39213492776454
-6.439	-156.49075657616217	-148.5853107846702	-157.9282102564912	-150.03617834187872
-6.426	-156.12179999027634	-148.22935419878436	-157.5592536706054	-149.68022175599285
-6.413	-155.7528434043905	-147.87339761289854	-157.1902970847195	-149.32426517010697
-6.4	-155.3838868185047	-147.51744102701272	-156.8213404988337	-148.9683085842212
-6.387	-155.01493023261884	-147.16148444112685	-156.45238391294788	-148.6123519983354
-6.374	-154.64597364673298	-146.80552785524102	-156.08342732706205	-148.2563954124495
-6.361	-154.27701706084713	-146.44957126935518	-155.71447074117614	-147.90043882656363
-6.348	-153.90806047496127	-146.09361468346935	-155.34551415529032	-147.5444822406778
-6.335	-153.53910388907545	-145.7376580975835	-154.97655756940446	-147.18852565479196
-6.322	-153.1701473031896	-145.38170151169763	-154.60760098351864	-146.83256906890614
-6.309	-152.80119071730374	-145.0257449258118	-154.23864439763278	-146.47661248302023
-6.296	-152.4322341314179	-144.669788339926	-153.86968781174696	-146.12065589713444
-6.283	-152.0632775455321	-144.31383175404014	-153.5007312258611	-145.7646993112486
-6.27	-151.69432095964623	-143.9578751681543	-153.13177463997528	-145.40874272536277
-6.257	-151.32536437376038	-143.6019185822684	-152.76281805408942	-145.0527861394769
-6.244	-150.95640778787453	-143.2459619963826	-152.39386146820357	-144.69682955359104
-6.231	-150.5874512019887	-142.89000541049674	-152.02490488231774	-144.34087296770522
-6.218	-150.21849461610284	-142.5340488246109	-151.6559482964319	-143.98491638181937
-6.205	-149.849538030217	-142.17809223872504	-151.28699171054603	-143.62895979593353
-6.192	-149.48058144433114	-141.82213565283922	-150.91803512466018	-143.27300321004768
-6.179	-149.11162485844534	-141.4661790669534	-150.54907853877438	-142.91704662416183
-6.166	-148.74266827255948	-141.11022248106755	-150.18012195288853	-142.561090038276
-6.153	-148.37371168667366	-140.7542658951817	-149.8111653670027	-142.20513345239019
-6.14	-148.0047551007878	-140.39830930929585	-149.44220878111682	-141.8491768665043
-6.127	-147.63579851490195	-140.04235272341	-149.073252195231	-141.4932202806185
-6.114	-147.26684192901612	-139.68639613752418	-148.70429560934517	-141.13726369473267
-6.101	-146.8978853431303	-139.33043955163834	-148.33533902345934	-140.7813071088468
-6.088	-146.52892875724444	-138.9744829657525	-147.96638243757346	-140.42535052296097
-6.075	-146.1599721713586	-138.61852637986667	-147.59742585168763	-140.06939393707512
-6.062	-145.79101558547276	-138.26256979398082	-147.22846926580178	-139.71343735118927
-6.049	-145.4220589995869	-137.90661320809494	-146.85951267991592	-139.35748076530342
-6.036	-145.05310241370105	-137.5506566222091	-146.4905560940301	-139.00152417941757
-6.023	-144.68414582781523	-137.19470003632327	-146.12159950814424	-138.64556759353175
-6.01	-144.31518924192937	-136.83874345043742	-145.75264292225842	-138.2896110076459
-5.997	-143.94623265604355	-136.4827868645516	-145.3836863363726	-137.93365442176005
-5.984	-143.5772760701577	-136.12683027866575	-145.01472975048674	-137.57769783587418
-5.971	-143.20831948427187	-135.77087369277993	-144.64577316460088	-137.22174124998836
-5.958	-142.839362898386	-135.41491710689408	-144.27681657871506	-136.86578466410253
-5.945	-142.47040631250016	-135.05896052100823	-143.9078599928292	-136.50982807821669
-5.932	-142.1014497266143	-134.70300393512235	-143.53890340694335	-136.15387149233084
-5.919	-141.73249314072845	-134.34704734923653	-143.1699468210575	-135.79791490644502
-5.906	-141.36353655484263	-133.9910907633507	-142.8009902351717	-135.44195832055917
-5.893	-140.9945799689568	-133.63513417746486	-142.43203364928584	-135.08600173467332
-5.88	-140.62562338307094	-133.279177591579	-142.0630770634	-134.73004514878747
-5.867	-140.25666679718512	-132.92322100569316	-141.69412047751413	-134.37408856290162
-5.854	-139.88771021129926	-132.56726441980732	-141.3251638916283	-134.0181319770158
-5.841	-139.51875362541344	-132.21130783392147	-140.95620730574248	-133.66217539112992
-5.828	-139.1497970395276	-131.85535124803562	-140.58725071985663	-133.3062188052441
-5.815	-138.78084045364173	-131.4993946621498	-140.21829413397077	-132.95026221935828
-5.802	-138.41188386775588	-131.14343807626395	-139.84933754808495	-132.59430563347243
-5.789	-138.04292728187008	-130.78748149037813	-139.48038096219912	-132.23834904758658
-5.776	-137.67397069598422	-130.43152490449228	-139.1114243763133	-131.88239246170073
-5.763	-137.30501411009837	-130.07556831860643	-138.7424677904274	-131.52643587581488
-5.75	-136.93605752421254	-129.7196117327206	-138.3735112045416	-131.17047928992906
-5.737	-136.56710093832672	-129.36365514683476	-138.00455461865573	-130.81452270404324
-5.724	-136.19814435244086	-129.00769856094888	-137.6355980327699	-130.45856611815736
-5.711	-135.829187766555	-128.65174197506303	-137.26664144688402	-130.10260953227152
-5.698	-135.46023118066915	-128.29578538917724	-136.8976848609982	-129.7466529463857
-5.685	-135.09127459478333	-127.93982880329139	-136.52872827511237	-129.3906963604999
-5.672	-134.72231800889747	-127.58387221740551	-136.15977168922657	-129.03473977461408
-5.659	-134.35336142301162	-127.22791563151968	-135.79081510334066	-128.67878318872812
-5.646	-133.9844048371258	-126.87195904563386	-135.4218585174548	-128.3228266028423
-5.633	-133.61544825123994	-126.51600245974801	-135.05290193156898	-127.96687001695646
-5.62	-133.2464916653541	-126.16004587386216	-134.68394534568313	-127.61091343107061
-5.607	-132.87753507946826	-125.80408928797631	-134.31498875979727	-127.2549568451848
-5.594	-132.50857849358243	-125.44813270209049	-133.94603217391148	-126.89900025929894
-5.581	-132.1396219076966	-125.09217611620467	-133.57707558802562	-126.54304367341314
-5.568	-131.77066532181078	-124.73621953031879	-133.2081190021398	-126.18708708752732
-5.555	-131.4017087359249	-124.38026294443296	-132.83916241625394	-125.8311305016414
-5.542	-131.03275215003904	-124.02430635854711	-132.4702058303681	-125.47517391575558
-5.529	-130.6637955641532	-123.66834977266126	-132.10124924448223	-125.11921732986973
-5.516	-130.29483897826736	-123.31239318677544	-131.7322926585964	-124.7632607439839
-5.503	-129.92588239238154	-122.95643660088956	-131.36333607271058	-124.40730415809807
-5.49	-129.55692580649566	-122.60048001500374	-130.99437948682473	-124.05134757221222
-5.477	-129.18796922060986	-122.24452342911792	-130.6254229009389	-123.69539098632637
-5.464	-128.81901263472403	-121.88856684323207	-130.25646631505305	-123.33943440044055
-5.451	-128.4500560488382	-121.53261025734622	-129.88750972916725	-122.98347781455473
-5.438	-128.08109946295232	-121.17665367146036	-129.51855314328137	-122.62752122866883
-5.425	-127.71214287706646	-120.82069708557454	-129.1495965573955	-122.27156464278299
-5.412	-127.34318629118063	-120.46474049968869	-128.7806399715097	-121.91560805689717
-5.399	-126.9742297052948	-120.10878391380284	-128.41168338562383	-121.55965147101132
-5.386	-126.60527311940896	-119.75282732791702	-128.04272679973798	-121.2036948851255
-5.373	-126.23631653352311	-119.39687074203117	-127.67377021385215	-120.84773829923965
-5.36	-125.86735994763728	-119.04091415614532	-127.30481362796633	-120.49178171335377
-5.347	-125.49840336175143	-118.68495757025946	-126.93585704208047	-120.13582512746795
-5.334	-125.12944677586557	-118.32900098437361	-126.56690045619462	-119.7798685415821
-5.321	-124.76049018997975	-117.97304439848779	-126.19794387030879	-119.42391195569627
-5.308	-124.3915336040939	-117.61708781260194	-125.82898728442294	-119.06795536981042
-5.295	-124.02257701820805	-117.26113122671612	-125.4600306985371	-118.7119987839246
-5.282	-123.65362043232223	-116.90517464083027	-125.09107411265127	-118.35604219803875
-5.269	-123.28466384643637	-116.54921805494442	-124.72211752676542	-118.0000856121529
-5.256	-122.91570726055055	-116.19326146905858	-124.35316094087958	-117.64412902626705
-5.243	-122.54675067466468	-115.83730488317276	-123.98420435499372	-117.2881724403812
-5.23	-122.17779408877885	-115.48134829728689	-123.61524776910787	-116.93221585449538
-5.217	-121.808837502893	-115.12539171140104	-123.24629118322204	-116.57625926860952
-5.204	-121.43988091700714	-114.76943512551522	-122.87733459733619	-116.22030268272367
-5.191	-121.07092433112132	-114.41347853962937	-122.50837801145036	-115.86434609683785
-5.178	-120.70196774523546	-114.05752195374352	-122.13942142556452	-115.508389510952
-5.165	-120.33301115934962	-113.7015653678577	-121.77046483967867	-115.15243292506615
-5.152	-119.9640545734638	-113.34560878197186	-121.40150825379284	-114.7964763391803
-5.139	-119.59509798757794	-112.98965219608601	-121.03255166790699	-114.44051975329447
-5.126	-119.22614140169212	-112.63369561020016	-120.66359508202116	-114.08456316740862
-5.113	-118.85718481580626	-112.27773902431429	-120.29463849613528	-113.7286065815228
-5.1	-118.48822822992041	-111.9217824384285	-119.92568191024947	-113.37264999563698
-5.087	-118.1192716440346	-111.56582585254267	-119.55672532436367	-113.01669340975114
-5.074	-117.75031505814877	-111.2098692666568	-119.18776873847781	-112.66073682386528
-5.061	-117.38135847226289	-110.85391268077093	-118.81881215259193	-112.30478023797943
-5.048	-117.01240188637706	-110.49795609488511	-118.44985556670609	-111.94882365209358
-5.035	-116.64344530049122	-110.14199950899926	-118.08089898082024	-111.59286706620772
-5.022	-116.27448871460537	-109.7860429231134	-117.71194239493441	-111.2369104803219
-5.009	-115.90553212871951	-109.43008633722755	-117.34298580904856	-110.88095389443603
-4.996	-115.53657554283366	-109.07412975134174	-116.9740292231627	-110.52499730855023
-4.983	-115.16761895694785	-108.71817316545592	-116.60507263727692	-110.16904072266442
-4.97	-114.79866237106202	-108.36221657957006	-116.23611605139106	-109.81308413677854
-4.957	-114.42970578517617	-108.0062599936842	-115.86715946550521	-109.4571275508927
-4.944	-114.06074919929031	-107.65030340779836	-115.49820287961936	-109.10117096500683
-4.931	-113.69179261340449	-107.29434682191253	-115.12924629373353	-108.745214379121
-4.918	-113.32283602751863	-106.93839023602668	-114.76028970784768	-108.38925779323516
-4.905	-112.9538794416328	-106.58243365014084	-114.39133312196184	-108.03330120734933
-4.892	-112.58492285574694	-106.22647706425501	-114.02237653607601	-107.67734462146349
-4.879	-112.21596626986111	-105.87052047836917	-113.65341995019018	-107.32138803557766
-4.866	-111.84700968397529	-105.51456389248332	-113.28446336430433	-106.96543144969182
-4.853	-111.47805309808943	-105.15860730659747	-112.91550677841849	-106.60947486380596
-4.84	-111.10909651220358	-104.80265072071163	-112.54655019253262	-106.2535182779201
-4.827	-110.74013992631774	-104.44669413482579	-112.17759360664678	-105.89756169203424
-4.814	-110.37118334043188	-104.09073754893994	-111.80863702076093	-105.54160510614842
-4.801	-110.00222675454606	-103.73478096305409	-111.4396804348751	-105.18564852026257
-4.788	-109.6332701686602	-103.37882437716826	-111.07072384898923	-104.82969193437671
-4.775	-109.26431358277436	-103.02286779128244	-110.7017672631034	-104.47373534849092
-4.762	-108.89535699688852	-102.66691120539659	-110.3328106772176	-104.11777876260508
-4.749	-108.5264004110027	-102.31095461951074	-109.96385409133175	-103.76182217671922
-4.736	-108.15744382511683	-101.95499803362488	-109.59489750544589	-103.40586559083337
-4.723	-107.78848723923099	-101.59904144773904	-109.22594091956005	-103.04990900494751
-4.71	-107.41953065334516	-101.2430848618532	-108.85698433367419	-102.69395241906169
-4.697	-107.05057406745931	-100.88712827596736	-108.48802774778835	-102.33799583317584
-4.684	-106.68161748157347	-100.53117169008152	-108.11907116190251	-101.98203924729
-4.671	-106.31266089568764	-100.1752151041957	-107.75011457601668	-101.62608266140415
-4.658	-105.94370430980179	-99.81925851830985	-107.38115799013083	-101.27012607551832
-4.645	-105.57474772391595	-99.463301932424	-107.012201404245	-100.91416948963251
-4.632	-105.2057911380301	-99.10734534653812	-106.64324481835915	-100.55821290374664
-4.619	-104.83683455214424	-98.7513887606523	-106.2742882324733	-100.20225631786079
-4.606	-104.46787796625841	-98.39543217476647	-105.90533164658747	-99.84629973197495
-4.593	-104.09892138037257	-98.03947558888062	-105.53637506070163	-99.49034314608909
-4.58	-103.72996479448673	-97.68351900299479	-105.16741847481578	-99.13438656020325
-4.567	-103.36100820860088	-97.32756241710895	-104.79846188892994	-98.77842997431742
-4.554	-102.99205162271505	-96.97160583122312	-104.4295053030441	-98.42247338843157
-4.541	-102.62309503682921	-96.61564924533727	-104.06054871715824	-98.06651680254573
-4.528	-102.25413845094337	-96.2596926594514	-103.69159213127243	-97.71056021665993
-4.515	-101.88518186505752	-95.90373607356555	-103.32263554538658	-97.35460363077408
-4.502	-101.51622527917168	-95.54777948767973	-102.95367895950073	-96.99864704488823
-4.489	-101.14726869328582	-95.1918229017939	-102.5847223736149	-96.64269045900235
-4.476	-100.77831210740001	-94.83586631590806	-102.21576578772907	-96.28673387311653
-4.463	-100.40935552151414	-94.4799097300222	-101.8468092018432	-95.93077728723067
-4.45	-100.04039893562832	-94.12395314413637	-101.47785261595736	-95.57482070134483
-4.437	-99.67144234974246	-93.76799655825052	-101.1088960300715	-95.21886411545897
-4.424	-99.30248576385662	-93.41203997236467	-100.73993944418565	-94.86290752957316
-4.411	-98.93352917797077	-93.05608338647883	-100.37098285829983	-94.50695094368733
-4.398	-98.56457259208496	-92.70012680059303	-100.00202627241401	-94.15099435780151
-4.385	-98.19561600619912	-92.34417021470716	-99.63306968652819	-93.79503777191567
-4.372	-97.82665942031326	-91.98821362882131	-99.26411310064233	-93.43908118602981
-4.359	-97.45770283442741	-91.63225704293546	-98.89515651475647	-93.08312460014393
-4.346	-97.08874624854157	-91.27630045704963	-98.52619992887061	-92.7271680142581
-4.333	-96.71978966265573	-90.92034387116378	-98.15724334298477	-92.37121142837223
-4.32	-96.3508330767699	-90.56438728527795	-97.78828675709892	-92.0152548424864
-4.307	-95.98187649088405	-90.2084306993921	-97.41933017121309	-91.65929825660061
-4.294	-95.6129199049982	-89.85247411350626	-97.05037358532725	-91.30334167071476
-4.281	-95.24396331911237	-89.49651752762044	-96.68141699944145	-90.94738508482894
-4.268	-94.87500673322654	-89.14056094173458	-96.3124604135556	-90.59142849894306
-4.255	-94.50605014734067	-88.78460435584871	-95.94350382766972	-90.2354719130572
-4.242	-94.13709356145485	-88.4286477699629	-95.57454724178388	-89.87951532717136
-4.229	-93.76813697556898	-88.07269118407704	-95.20559065589802	-89.52355874128553
-4.216	-93.39918038968315	-87.71673459819121	-94.8366340700122	-89.16760215539968
-4.203	-93.03022380379731	-87.36077801230535	-94.46767748412636	-88.81164556951383
-4.19	-92.66126721791144	-87.00482142641951	-94.0987208982405	-88.45568898362802
-4.177	-92.29231063202563	-86.6488648405337	-93.7297643123547	-88.09973239774222
-4.164	-91.92335404613979	-86.29290825464786	-93.36080772646886	-87.74377581185632
-4.151	-91.55439746025395	-85.93695166876198	-92.991851140583	-87.38781922597047
-4.138	-91.18544087436808	-85.58099508287613	-92.62289455469714	-87.03186264008461
-4.125	-90.81648428848226	-85.22503849699031	-92.2539379688113	-86.67590605419878
-4.112	-90.4475277025964	-84.86908191110446	-91.88498138292546	-86.31994946831293
-4.099	-90.07857111671056	-84.51312532521864	-91.5160247970396	-85.96399288242709
-4.086	-89.70961453082474	-84.15716873933279	-91.14706821115378	-85.60803629654124
-4.073	-89.34065794493888	-83.80121215344695	-90.77811162526793	-85.25207971065544
-4.06	-88.97170135905306	-83.44525556756112	-90.40915503938211	-84.89612312476963
-4.047	-88.60274477316722	-83.08929898167524	-90.04019845349627	-84.54016653888374
-4.034	-88.23378818728135	-82.73334239578939	-89.67124186761039	-84.18420995299788
-4.021	-87.86483160139551	-82.37738580990356	-89.30228528172455	-83.82825336711204
-4.008	-87.49587501550967	-82.02142922401774	-88.93332869583872	-83.47229678122619
-3.995	-87.12691842962384	-81.66547263813189	-88.56437210995288	-83.11634019534036
-3.982	-86.75796184373799	-81.30951605224605	-88.19541552406704	-82.76038360945454
-3.969	-86.38900525785215	-80.9535594663602	-87.8264589381812	-82.4044270235687
-3.956	-86.02004867196631	-80.59760288047434	-87.45750235229538	-82.04847043768285
-3.943	-85.65109208608044	-80.24164629458849	-87.08854576640951	-81.69251385179699
-3.93	-85.28213550019461	-79.88568970870267	-86.71958918052367	-81.33655726591114
-3.917	-84.91317891430879	-79.52973312281684	-86.35063259463783	-80.98060068002532
-3.904	-84.54422232842293	-79.17377653693099	-85.98167600875198	-80.62464409413946
-3.891	-84.17526574253709	-78.81781995104515	-85.61271942286614	-80.26868750825362
-3.878	-83.80630915665125	-78.46186336515932	-85.24376283698031	-79.91273092236779
-3.865	-83.43735257076541	-78.10590677927348	-84.87480625109447	-79.55677433648196
-3.852	-83.06839598487959	-77.74995019338763	-84.50584966520863	-79.20081775059612
-3.839	-82.69943939899373	-77.39399360750176	-84.13689307932277	-78.84486116471027
-3.826	-82.33048281310788	-77.03803702161593	-83.76793649343692	-78.48890457882439
-3.813	-81.96152622722204	-76.6820804357301	-83.39897990755108	-78.1329479929386
-3.8	-81.5925696413362	-76.32612384984427	-83.03002332166525	-77.77699140705273
-3.787	-81.22361305545037	-75.97016726395843	-82.66106673577943	-77.42103482116687
-3.774	-80.85465646956452	-75.61421067807255	-82.29211014989357	-77.06507823528105
-3.761	-80.48569988367868	-75.25825409218673	-81.92315356400772	-76.7091216493952
-3.748	-80.11674329779282	-74.90229750630088	-81.55419697812187	-76.35316506350937
-3.735	-79.747786711907	-74.54634092041503	-81.18524039223605	-75.99720847762353
-3.722	-79.37883012602113	-74.19038433452918	-80.81628380635019	-75.64125189173767
-3.709	-79.0098735401353	-73.83442774864336	-80.44732722046436	-75.28529530585182
-3.696	-78.64091695424946	-73.47847116275754	-80.0783706345785	-74.929338719966
-3.683	-78.27196036836364	-73.1225145768717	-79.70941404869271	-74.5733821340802
-3.67	-77.90300378247778	-72.76655799098582	-79.34045746280684	-74.21742554819431
-3.657	-77.53404719659194	-72.4106014051	-78.971500876921	-73.86146896230846
-3.644	-77.1650906107061	-72.05464481921415	-78.60254429103513	-73.50551237642264
-3.631	-76.79613402482025	-71.69868823332831	-78.23358770514932	-73.1495557905368
-3.618	-76.42717743893441	-71.34273164744246	-77.86463111926345	-72.79359920465093
-3.605	-76.05822085304855	-70.9867750615566	-77.49567453337761	-72.43764261876511
-3.592	-75.68926426716271	-70.6308184756708	-77.1267179474918	-72.08168603287926
-3.579	-75.3203076812769	-70.27486188978497	-76.75776136160594	-71.72572944699343
-3.566	-74.95135109539106	-69.9189053038991	-76.38880477572012	-71.36977286110759
-3.553	-74.58239450950519	-69.56294871801323	-76.01984818983425	-71.01381627522173
-3.54	-74.21343792361935	-69.20699213212741	-75.65089160394841	-70.65785968933591
-3.527	-73.84448133773353	-68.85103554624158	-75.28193501806257	-70.30190310345006
-3.514	-73.47552475184769	-68.49507896035573	-74.91297843217673	-69.94594651756421
-3.501	-73.10656816596182	-68.13912237446986	-74.54402184629087	-69.58998993167836
-3.488	-72.73761158007598	-67.78316578858406	-74.17506526040503	-69.23403334579253
-3.475	-72.36865499419015	-67.42720920269822	-73.80610867451921	-68.87807675990668
-3.462	-71.99969840830433	-67.07125261681234	-73.43715208863337	-68.52212017402084
-3.449	-71.63074182241846	-66.7152960309265	-73.06819550274751	-68.166163588135
-3.436	-71.26178523653262	-66.35933944504066	-72.69923891686167	-67.81020700224917
-3.423	-70.89282865064676	-66.00338285915484	-72.33028233097583	-67.45425041636331
-3.41	-70.52387206476094	-65.647426273269	-71.96132574509	-67.09829383047749
-3.397	-70.1549154788751	-65.29146968738316	-71.59236915920417	-66.74233724459162
-3.384	-69.78595889298926	-64.93551310149729	-71.22341257331831	-66.38638065870579
-3.371	-69.4170023071034	-64.57955651561146	-70.85445598743246	-66.03042407281994
-3.358	-69.04804572121758	-64.22359992972562	-70.48549940154662	-65.67446748693409
-3.345	-68.67908913533171	-63.86764334383977	-70.11654281566076	-65.31851090104826
-3.332	-68.31013254944588	-63.51168675795393	-69.74758622977494	-64.96255431516244
-3.319	-67.94117596356004	-63.1557301720681	-69.37862964388911	-64.60659772927659
-3.306	-67.5722193776742	-62.79977358618225	-69.00967305800324	-64.25064114339072
-3.293	-67.20326279178836	-62.44381700029642	-68.64071647211742	-63.8946845575049
-3.28	-66.83430620590251	-62.08786041441057	-68.27175988623158	-63.53872797161906
-3.267	-66.46534962001668	-61.731903828524736	-67.90280330034574	-63.18277138573321
-3.254	-66.09639303413084	-61.37594724263889	-67.5338467144599	-62.82681479984736
-3.241	-65.727436448245	-61.01999065675303	-67.16489012857404	-62.47085821396152
-3.228	-65.35847986235915	-60.664034070867196	-66.79593354268819	-62.114901628075685
-3.215	-64.9895232764733	-60.308077484981375	-66.42697695680238	-61.758945042189865
-3.202	-64.62056669058747	-59.95212089909552	-66.05802037091652	-61.402988456304
-3.189	-64.25161010470163	-59.59616431320967	-65.68906378503068	-61.04703187041816
-3.176	-63.88265351881577	-59.240207727323835	-65.32010719914483	-60.69107528453231
-3.163	-63.51369693292994	-58.884251141438	-64.951150613259	-60.33511869864649
-3.15	-63.1447403470441	-58.528294555552144	-64.58219402737315	-59.97916211276063
-3.137	-62.77578376115825	-58.172337969666295	-64.21323744148731	-59.623205526874784
-3.124	-62.4068271752724	-57.81638138378046	-63.84428085560146	-59.267248940988935
-3.111	-62.03787058938658	-57.460424797894625	-63.47532426971562	-58.911292355103114
-3.098	-61.668914003500724	-57.10446821200877	-63.10636768382979	-58.555335769217265
-3.085	-61.299957417614884	-56.748511626122934	-62.737411097943934	-58.19937918333142
-3.072	-60.93100083172903	-56.3925550402371	-62.36845451205809	-57.84342259744556
-3.059	-60.56204424584321	-56.03659845435126	-61.99949792617225	-57.487466011559754
-3.046	-60.19308765995736	-55.68064186846539	-61.63054134028642	-57.1315094256739
-3.033	-59.82413107407151	-55.324685282579566	-61.261584754400566	-56.77555283978805
-3.02	-59.45517448818567	-54.968728696693724	-60.89262816851473	-56.4195962539022
-3.007	-59.08621790229982	-54.612772110807875	-60.52367158262888	-56.06363966801636
-2.994	-58.71726131641398	-54.25681552492203	-60.15471499674304	-55.70768308213052
-2.981	-58.34830473052814	-53.9008589390362	-59.785758410857206	-55.35172649624469
-2.968	-57.979348144642294	-53.544902353150356	-59.416801824971365	-54.99576991035883
-2.955	-57.61039155875647	-53.188945767264514	-59.04784523908551	-54.63981332447299
-2.942	-57.24143497287062	-52.83298918137868	-58.67888865319968	-54.28385673858717
-2.929	-56.872478386984795	-52.477032595492844	-58.309932067313845	-53.92790015270135
-2.916	-56.50352180109895	-52.12107600960699	-57.940975481428005	-53.57194356681548
-2.903	-56.134565215213094	-51.76511942372114	-57.57201889554215	-53.21598698092962
-2.89	-55.765608629327254	-51.409162837835304	-57.2030623096563	-52.8600303950438
-2.877	-55.39665204344141	-51.05320625194946	-56.83410572377046	-52.50407380915795
-2.864	-55.02769545755557	-50.69724966606362	-56.46514913788463	-52.1481172232721
-2.851	-54.658738871669726	-50.34129308017777	-56.096192551998776	-51.792160637386246
-2.838	-54.28978228578388	-49.98533649429193	-55.72723596611292	-51.436204051500404
-2.825	-53.92082569989803	-49.62937990840609	-55.35827938022709	-51.08024746561458
-2.812	-53.5518691140122	-49.27342332252026	-54.98932279434127	-50.724290879728755
-2.799	-53.18291252812635	-48.9174667366344	-54.620366208455415	-50.368334293842885
-2.786	-52.81395594224051	-48.56151015074856	-54.25140962256956	-50.01237770795704
-2.773	-52.444999356354664	-48.20555356486272	-53.882453036683714	-49.65642112207121
-2.76	-52.07604277046883	-47.84959697897689	-53.513496450797895	-49.30046453618539
-2.747	-51.70708618458299	-47.493640393091034	-53.14453986491204	-48.94450795029952
-2.734	-51.338129598697144	-47.137683807205185	-52.77558327902619	-48.588551364413675
-2.721	-50.96917301281129	-46.78172722131935	-52.40662669314035	-48.23259477852783
-2.708	-50.600216426925456	-46.42577063543352	-52.03767010725451	-47.876638192642005
-2.695	-50.231259841039616	-46.06981404954766	-51.66871352136867	-47.52068160675616
-2.682	-49.862303255153776	-45.713857463661824	-51.29975693548283	-47.16472502087031
-2.669	-49.49334666926793	-45.35790087777599	-50.930800349596986	-46.808768434984465
-2.656	-49.124390083382096	-45.00194429189015	-50.561843763711146	-46.45281184909864
-2.643	-48.75543349749625	-44.6459877060043	-50.19288717782532	-46.09685526321281
-2.63	-48.3864769116104	-44.290031120118456	-49.823930591939465	-45.74089867732694
-2.617	-48.01752032572457	-43.93407453423262	-49.45497400605361	-45.3849420914411
-2.604	-47.648563739838714	-43.578117948346765	-49.08601742016778	-45.02898550555526
-2.591	-47.27960715395288	-43.22216136246092	-48.71706083428194	-44.67302891966942
-2.578	-46.910650568067034	-42.86620477657508	-48.34810424839608	-44.31707233378357
-2.565	-46.54169398218119	-42.51024819068924	-47.97914766251025	-43.96111574789773
-2.552	-46.17273739629535	-42.154291604803404	-47.6101910766244	-43.60515916201189
-2.539	-45.803780810409506	-41.79833501891756	-47.24123449073857	-43.24920257612606
-2.526	-45.434824224523666	-41.44237843303173	-46.87227790485274	-42.89324599024023
-2.513	-45.06586763863783	-41.08642184714588	-46.50332131896689	-42.53728940435437
-2.5	-44.69691105275198	-40.73046526126002	-46.134364733081036	-42.18133281846852
-2.487	-44.32795446686614	-40.37450867537419	-45.765408147195195	-41.82537623258268
-2.474	-43.95899788098029	-40.01855208948835	-45.39645156130935	-41.469419646696835
-2.461	-43.59004129509446	-39.66259550360251	-45.02749497542352	-41.113463060811
-2.448	-43.22108470920861	-39.30663891771666	-44.65853838953766	-40.757506474925144
-2.435	-42.85212812332277	-38.95068233183082	-44.28958180365183	-40.40154988903932
-2.422	-42.483171537436924	-38.594725745944984	-43.92062521776599	-40.04559330315347
-2.409	-42.11421495155109	-38.23876916005914	-43.551668631880155	-39.68963671726763
-2.396	-41.74525836566524	-37.882812574173286	-43.18271204599429	-39.333680131381776
-2.383	-41.376301779779396	-37.52685598828745	-42.81375546010846	-38.97772354549594
-2.37	-41.007345193893556	-37.170899402401616	-42.44479887422262	-38.62176695961009
-2.357	-40.638388608007716	-36.81494281651577	-42.07584228833677	-38.26581037372426
-2.344	-40.26943202212187	-36.45898623062992	-41.70688570245092	-37.9098537878384
-2.331	-39.90047543623603	-36.10302964474408	-41.337929116565086	-37.553897201952566
-2.318	-39.53151885035019	-35.74707305885824	-40.968972530679245	-37.19794061606673
-2.305	-39.16256226446435	-35.391116472972406	-40.600015944793405	-36.841984030180896
-2.292	-38.79360567857851	-35.03515988708656	-40.23105935890757	-36.48602744429507
-2.279	-38.424649092692675	-34.67920330120072	-39.86210277302174	-36.130070858409226
-2.266	-38.05569250680683	-34.32324671531488	-39.49314618713589	-35.77411427252336
-2.253	-37.68673592092098	-33.967290129429024	-39.12418960125004	-35.418157686637514
-2.24	-37.31777933503514	-33.61133354354319	-38.7552330153642	-35.062201100751686
-2.227	-36.948822749149286	-33.25537695765735	-38.38627642947836	-34.70624451486584
-2.214	-36.57986616326346	-32.89942037177151	-38.017319843592524	-34.35028792898001
-2.201	-36.210909577377606	-32.543463785885656	-37.64836325770667	-33.994331343094146
-2.188	-35.841952991491766	-32.18750719999982	-37.27940667182083	-33.63837475720832
-2.175	-35.47299640560592	-31.83155061411398	-36.91045008593498	-33.28241817132247
-2.162	-35.104039819720086	-31.475594028228137	-36.54149350004916	-32.926461585436634
-2.149	-34.73508323383424	-31.119637442342285	-36.1725369141633	-32.57050499955078
-2.136	-34.3661266479484	-30.763680856456446	-35.803580328277455	-32.214548413664936
-2.123	-33.997170062062544	-30.40772427057061	-35.4346237423916	-31.858591827779094
-2.11	-33.628213476176725	-30.05176768468477	-35.06566715650578	-31.502635241893277
-2.097	-33.259256890290864	-29.695811098798917	-34.69671057061993	-31.14667865600741
-2.084	-32.89030030440503	-29.33985451291307	-34.32775398473409	-30.79072207012157
-2.071	-32.52134371851918	-28.983897927027236	-33.95879739884823	-30.434765484235726
-2.058	-32.15238713263335	-28.6279413411414	-33.589840812962414	-30.078808898349898
-2.045	-31.783430546747503	-28.27198475525555	-33.22088422707656	-29.722852312464045
-2.032	-31.41447396086166	-27.916028169369717	-32.85192764119072	-29.366895726578196
-2.019	-31.045517374975816	-27.56007158348387	-32.48297105530488	-29.01093914069236
-2.006	-30.67656078908998	-27.20411499759803	-32.11401446941904	-28.654982554806523
-1.993	-30.307604203204132	-26.84815841171218	-31.745057883533192	-28.29902596892067
-1.98	-29.93864761731829	-26.492201825826346	-31.37610129764735	-27.943069383034835
-1.967	-29.569691031432452	-26.136245239940507	-31.007144711761512	-27.587112797148997
-1.954	-29.20073444554661	-25.780288654054658	-30.63818812587567	-27.231156211263148
-1.941	-28.831777859660765	-25.42433206816881	-30.26923153998982	-26.87519962537731
-1.928	-28.462821273774917	-25.068375482282974	-29.900274954103985	-26.519243039491464
-1.915	-28.093864687889088	-24.71241889639714	-29.531318368218148	-26.16328645360563
-1.902	-27.72490810200324	-24.356462310511287	-29.162361782332304	-25.80732986771978
-1.889	-27.35595151611739	-24.000505724625448	-28.793405196446454	-25.451373281833938
-1.876	-26.986994930231553	-23.644549138739613	-28.424448610560617	-25.0954166959481
-1.863	-26.618038344345717	-23.288592552853768	-28.055492024674777	-24.73946011006225
-1.85	-26.249081758459873	-22.932635966967926	-27.68653543878893	-24.38350352417641
-1.837	-25.88012517257403	-22.576679381082077	-27.317578852903086	-24.02754693829057
-1.824	-25.511168586688182	-22.220722795196238	-26.948622267017246	-23.67159035240473
-1.811	-25.14221200080235	-21.864766209310403	-26.579665681131413	-23.3156337665189
-1.798	-24.773255414916505	-21.50880962342455	-26.210709095245562	-22.95967718063305
-1.785	-24.404298829030658	-21.152853037538705	-25.841752509359726	-22.6037205947472
-1.772	-24.03534224314481	-20.79689645165287	-25.472795923473875	-22.24776400886136
-1.759	-23.666385657258978	-20.44093986576703	-25.103839337588045	-21.891807422975532
-1.746	-23.297429071373134	-20.084983279881182	-24.734882751702195	-21.535850837089676
-1.733	-22.928472485487287	-19.72902669399534	-24.36592616581635	-21.17989425120383
-1.72	-22.559515899601443	-19.3730701081095	-23.996969579930504	-20.823937665317985
-1.707	-22.190559313715603	-19.017113522223656	-23.628012994044667	-20.467981079432153
-1.694	-21.821602727829767	-18.661156936337814	-23.25905640815883	-20.11202449354631
-1.681	-21.452646141943923	-18.305200350451972	-22.89009982227299	-19.75606790766047
-1.668	-21.08368955605808	-17.949243764566134	-22.521143236387147	-19.400111321774627
-1.655	-20.71473297017224	-17.59328717868029	-22.152186650501303	-19.04415473588879
-1.642	-20.345776384286395	-17.237330592794443	-21.78323006461546	-18.68819815000294
-1.629	-19.976819798400548	-16.8813740069086	-21.414273478729612	-18.33224156411709
-1.616	-19.607863212514708	-16.525417421022766	-21.04531689284377	-17.976284978231252
-1.603	-19.238906626628868	-16.169460835136917	-20.676360306957932	-17.620328392345414
-1.59	-18.869950040743024	-15.813504249251071	-20.307403721072085	-17.264371806459568
-1.577	-18.500993454857177	-15.457547663365231	-19.93844713518624	-16.90841522057372
-1.564	-18.132036868971337	-15.101591077479391	-19.569490549300397	-16.552458634687884
-1.551	-17.763080283085497	-14.745634491593554	-19.200533963414564	-16.19650204880205
-1.538	-17.39412369719966	-14.389677905707716	-18.83157737752872	-15.840545462916207
-1.525	-17.02516711131382	-14.03372131982187	-18.462620791642884	-15.48458887703037
-1.512	-16.656210525427973	-13.677764733936026	-18.093664205757037	-15.128632291144514
-1.499	-16.287253939542136	-13.321808148050183	-17.724707619871197	-14.77267570525868
-1.486	-15.918297353656287	-12.965851562164339	-17.355751033985353	-14.416719119372834
-1.473	-15.54934076777045	-12.609894976278499	-16.98679444809951	-14.060762533486995
-1.46	-15.180384181884603	-12.253938390392657	-16.61783786221367	-13.70480594760115
-1.447	-14.811427595998765	-11.897981804506815	-16.24888127632783	-13.348849361715311
-1.434	-14.442471010112918	-11.54202521862097	-15.879924690441985	-12.992892775829466
-1.421	-14.07351442422708	-11.186068632735129	-15.510968104556143	-12.636936189943626
-1.408	-13.704557838341234	-10.830112046849285	-15.1420115186703	-12.28097960405778
-1.395	-13.335601252455394	-10.474155460963448	-14.773054932784458	-11.925023018171943
-1.382	-12.966644666569554	-10.118198875077606	-14.404098346898621	-11.569066432286105
-1.369	-12.597688080683708	-9.762242289191756	-14.035141761012774	-11.21310984640025
-1.356	-12.228731494797861	-9.406285703305914	-13.666185175126925	-10.85715326051441
-1.343	-11.859774908912023	-9.050329117420073	-13.297228589241088	-10.50119667462857
-1.33	-11.490818323026177	-8.694372531534231	-12.928272003355241	-10.145240088742726
-1.317	-11.121861737140337	-8.33841594564839	-12.559315417469405	-9.78936952153475
-1.304	-10.752905151254492	-7.982010333418488	-12.190358831583557	-9.432164160340161
-1.291	-10.383420548573575	-7.638158469439617	-11.820963824079824	-9.07742597814752
-1.278	-10.029131221697277	-7.319833445425197	-11.455750018258728	-8.735508065529144
-1.265	-9.69276192885732	-7.020532531897487	-11.10211349349636	-8.411313235756182
-1.252	-9.373570845732699	-6.738143456969601	-10.762920453893077	-8.104269069548343
-1.239	-9.070663456978984	-6.471766343779066	-10.438875474790459	-7.813475135749054
-1.226	-8.783113716272902	-6.2204195974931755	-10.129773861594046	-7.5380013727913004
-1.213	-8.510012904755094	-5.983171112848045	-9.83504456307913	-7.2769381549992405
-1.2	-8.250488708849568	-5.759138041106552	-9.553980691436559	-7.029415388337202
-1.187	-8.003712169229255	-5.547485591705895	-9.285839607480805	-6.794599871308272
-1.174	-7.768899365825363	-5.347424763111075	-9.029886346778024	-6.57172244540066
-1.161	-7.545310453015406	-5.1582103347226615	-8.785410079033987	-6.360011860549407
-1.148	-7.332248585570119	-4.979139415834431	-8.551734829143989	-6.158814303288932
-1.135	-7.1290576549381	-4.8095484354485345	-8.328220059327656	-5.9674296760187895
-1.122	-6.935120198742777	-4.648811698589641	-8.114260853641774	-5.785275724448724
-1.109	-6.749855463331408	-4.496339471197058	-7.909287721336352	-5.611761160217752
-1.096	-6.572717203844598	-4.351575805663459	-7.712764227146722	-5.4463398390505695
-1.083	-6.403191816033569	-4.213997516186505	-7.524185734346465	-5.28850160121919
-1.07	-6.240796744224192	-4.083112137678183	-7.343078763953143	-5.137763225339314
-1.057	-6.085078164480991	-3.958455863948397	-7.168996783628233	-4.9936734549892074
-1.044	-5.935609986000903	-3.8395936486375093	-7.001521395099785	-4.855807548655365
-1.031	-5.7919918058207935	-3.7261160380549243	-6.840258695876753	-4.7237771443854735
-1.018	-5.653847734469027	-3.6176393537191167	-6.684838993688413	-4.5971779699758875
-1.005	-5.520824882586781	-3.513803528101727	-6.534914881398707	-4.475699410576996
-0.992	-5.392592076066567	-3.414271350474808	-6.390160001690456	-4.358982579235636
-0.979	-5.268838632364377	-3.318727283453447	-6.250267829776931	-4.246729177050491
-0.966	-5.1492731907507245	-3.2268763779209153	-6.114950475950087	-4.138650319297723
-0.953	-5.033622616984602	-3.1384431723571944	-5.983937590636771	-4.0344753101574815
-0.94	-4.921630895937334	-3.053170694761567	-5.856975123800105	-3.933950324316093
-0.927	-4.813058246014831	-2.9708198796539875	-5.733824643814299	-3.836838802054167
-0.914	-4.707680153234194	-2.8911679495892417	-5.614262298452358	-3.74291851127585
-0.901	-4.605286310577179	-2.814007786528612	-5.4980774756921615	-3.651980914597925
-0.888	-4.505680115315665	-2.7391479637238	-5.3850728928594584	-3.5638336989993884
-0.875	-4.408677583439877	-2.6664099390316616	-5.275063038163684	-3.478294006717435
-0.862	-4.314106591274451	-2.595628808304895	-5.167873474100927	-3.3951920214413294
-0.849	-4.22180640405313	-2.5266524793407816	-5.063340753468	-3.314370563717309
-0.836	-4.13162668417107	-2.459339793749121	-4.96131102479273	-3.2356808014084
-0.823	-4.043427203832595	-2.3935609678602536	-4.861640263477711	-3.158985870579997
-0.81	-3.9570766424852577	-2.3291948302556515	-4.764192385138852	-3.0841540001677843
-0.797	-3.872452644856103	-2.2661317335961737	-4.668840152114307	-3.011067574239165
-0.784	-3.7894408370709423	-2.2042688357548585	-4.575463723676963	-2.9396125844667225
-0.771	-3.7079344218912142	-2.1435120907154706	-4.483950465389036	-2.869684431679267
-0.758	-3.6278337141899626	-2.083774705569536	-4.39419458101653	-2.8011853856482865
-0.745	-3.549045549787678	-2.0249761540754796	-4.306096472892946	-2.7340233044028484
-0.732	-3.471482863783795	-1.9670423134114974	-4.219562427818855	-2.6681126959631976
-0.719	-3.3950642889979643	-1.9099045743229424	-4.134504313537009	-2.60337370093413
-0.706	-3.3197136450612192	-1.8534989804156992	-4.050839057076958	-2.53973098462538
-0.693	-3.2453595977265675	-1.7977662698119938	-3.9684884303270085	-2.4771145510433628
-0.68	-3.171935223642069	-1.7426508240467946	-3.8873786497468235	-2.41545830340133
-0.667	-3.09937763072921	-1.6881004791037593	-3.8074400728725974	-2.354700276682501
-0.654	-3.0276276125863277	-1.6340659845977836	-3.7286069481587036	-2.2947822437464094
-0.641	-2.9566292459533	-1.5805001848359048	-3.6508170668426922	-2.2356488148113685
-0.628	-2.886329507515936	-1.5273578967531487	-3.574011455906544	-2.177247680504966
-0.615	-2.816678018659521	-1.474595502107422	-3.4981342862849094	-2.119529628981606
-0.602	-2.7476265324141247	-1.4221695491955604	-3.4231323717720885	-2.0624465857068817
-0.589	-2.6791286679169173	-1.370037336610321	-3.3489550909333348	-2.0059533490189057
-0.576	-2.6111394714238196	-1.3181553411842892	-3.275554051879107	-1.9500056063679199
-0.563	-2.543614983091464	-1.2664789547509872	-3.2028828029641923	-1.894560231222512
-0.55	-2.4765118506532993	-1.2149618573170218	-3.130896655637724	-1.8395751605476545
-0.537	-2.409786786433747	-1.1635547989829242	-3.059552317965889	-1.7850082860467058
-0.524	-2.3433961145144004	-1.1122049043307445	-2.988807728249445	-1.7308176158194295
-0.511	-2.277295004239367	-1.060853887267792	-2.91862149888351	-1.6769594741695442
-0.498	-2.211436980762383	-1.009438170361606	-2.8489528660484833	-1.623390318814466
-0.485	-2.1457730100955805	-0.9578856799904454	-2.779761123774957	-1.5700633064564724
-0.472	-2.0802506138119554	-0.906115199328915	-2.711005241825026	-1.5169292236472833
-0.459	-2.014812840486467	-0.8540340868977203	-2.6426434351401	-1.4639351703699301
-0.446	-1.9493969740801407	-0.8015356177692329	-2.5746325445976947	-1.4110229190693706
-0.433	-1.8839330785301702	-0.7484967591164724	-2.5069274025525634	-1.3581282094335758
-0.42	-1.8183423154444067	-0.6947751814920337	-2.439480120985296	-1.3051791420274936
-0.407	-1.7525349016701632	-0.640205836873468	-2.372239141345548	-1.2520939352171803
-0.394	-1.686407817075045	-0.5845980243588458	-2.3051482156069127	-1.1987793595707148
-0.381	-1.6198421356188553	-0.5277319713269712	-2.238145134111241	-1.1451279232662193
-0.368	-1.5527000395192785	-0.46935621449354153	-2.1711602403305603	-1.0910152781550253
-0.355	-1.4848215541663747	-0.4091857936428326	-2.1041146804197655	-1.03629709471933
-0.342	-1.4160211021526183	-0.3469020434963251	-2.036918325451989	-0.9808055568834597
-0.329	-1.3460841059317568	-0.28215521173754177	-1.969467345107886	-0.9243460081093676
-0.316	-1.2747640839213923	-0.21457094937129723	-1.9016415123152994	-0.8666939707745503
-0.303	-1.201780717594132	-0.14376145146819178	-1.8333010982018978	-0.8075920142846866
-0.29	-1.1268198616818048	-0.0693435351828743	-1.7642835763612625	-0.746748889433374
-0.277	-1.0495367038517132	0.009036060546278766	-1.6944003244845536	-0.6838408730455565
-0.264	-0.9695636147222314	0.09166766372771022	-1.623433661620425	-0.6185169247078913
-0.251	-0.8865245453838164	0.1787383844468108	-1.5511348717025943	-0.5504096878808605
-0.238	-0.8000578322246024	0.2702862949789511	-1.4772241329700357	-0.4791541301595692
-0.225	-0.7098489900990823	0.36615169662894925	-1.4013938324289585	-0.4044159861947114
-0.212	-0.6156739075394562	0.4659291194160097	-1.3233169454695095	-0.3259306207335949
-0.199	-0.5174513919434571	0.5689236201381063	-1.2426630663612823	-0.24355363755176412
-0.186	-0.41530090475025566	0.674117725228019	-1.1591239455974305	-0.15731723146402665
-0.173	-0.30959841105427754	0.7801548669439161	-1.072450301485444	-0.06748932304938875
-0.16	-0.20101936645794288	0.8853517616368487	-0.982499234032547	0.02537751818570665
-0.147	-0.09055454680383886	0.9877563661491163	-0.8892877663248852	0.12042136835458943
-0.134	0.020517138628429788	1.0852720285101085	-0.7930429429706651	0.21648667927916565
-0.121	0.13071228237586263	1.175864546318044	-0.6942336547823598	0.3121957117518865
-0.108	0.23848647799786252	1.2578479289472149	-0.5935674612703676	0.4060804871000598
-0.095	0.34242164695139243	1.330204378944434	-0.49194099753469206	0.49676100206944773
-0.082	0.44141712826852786	1.3928457176100077	-0.3903460786230354	0.5831325300218978
-0.069	0.5348295280427777	1.4466979874688597	-0.28975130898702367	0.6645083395437915
-0.056	0.6225161331916272	1.4935277285126856	-0.19099081627626383	0.7406719129935844
-0.043	0.7047723748846395	1.5355354752064563	-0.09468929163328696	0.8118260035356243
-0.03	0.7821952581186032	1.5748641536944619	-0.0012366789111533277	0.8784671826835729
-0.017	0.8555260089878991	1.6132138801314229	0.08919320433003938	0.941237583106272
-0.004	0.9255177477295091	1.6516797316383485	0.17659760201239863	1.0007996466607005
0.009	0.9928499956657374	1.6907992308273285	0.26109189677017963	1.057755498466639
0.022	1.0580892073341215	1.7307124331163348	0.3428617628903379	1.1126100262964225
0.035	1.1216825760531592	1.7713355171901475	0.4221262730330011	1.165764901315975
0.048	1.1839704747872475	1.812500939654876	0.4991126797471808	1.2175384572791432
0.061	1.2452092725356882	1.8540099242993673	0.5740456993216235	1.2681565631487182
0.074	1.3055766002310973	1.8956695363760527	0.6471156370782923	1.3177388536874703
0.087	1.3652191695597866	1.9374467028230893	0.7185219516324661	1.3665560540779678
0.1	1.4242365927224385	1.9791745052233016	0.78842540070829	1.4145934978772072
0.113	1.4827068906602168	2.020825919774	0.8569724950999221	1.4619755351530148
0.126	1.540690942498444	2.0623647136344236	0.9242924235111135	1.5087631672398902
0.139	1.5982377068595104	2.103773992580954	0.9904990097533336	1.5550111216733529
0.152	1.655387758193577	2.1450476728002297	1.0556926352805032	1.6007658402460663
0.165	1.7121756742541043	2.1861866532038214	1.1199620510515074	1.6460677187103252
0.178	1.7686316180888881	2.227195985343431	1.1833859842103636	1.690952457088949
0.191	1.8247823899302085	2.2680830103619125	1.246034540423027	1.7354520653041539
0.204	1.8806521215685323	2.3088560802566533	1.3079703966996583	1.7795954792422846
0.217	1.9362627411427236	2.349523799672989	1.3692498099731198	1.8234090534607577
0.23	1.9916343006944774	2.3900946006675574	1.4299234774874134	1.866916956247102
0.243	2.046785203871049	2.430576439280452	1.490037252435175	1.9101413707291393
0.256	2.101732379568231	2.470976701195309	1.54963275124486	1.9531027397785208
0.269	2.156491417761117	2.5113021398161197	1.6087478650982319	1.9958199131600323
0.282	2.2110766797228845	2.5515588758120784	1.6674171908226538	2.0383102833366626
0.295	2.2655013964883643	2.591752446641429	1.7256724015868228	2.080589932767689
0.308	2.3197777542404516	2.6318877281378845	1.7835425612699674	2.122673618113744
0.321	2.3739169369029547	2.6719693655853414	1.8410543548095937	2.164575206678844
0.334	2.4279293823953885	2.71200180149857	1.898232531576326	2.206307997165244
0.347	2.4818244722744343	2.7519873713588883	1.9550996798063396	2.247882195953985
0.36	2.535610978437096	2.791930479962393	2.0116768409937436	2.289310057598229
0.373	2.589296925780455	2.8318336086822833	2.067983443400446	2.3306011244824028
0.386	2.64288968599103	2.8716994211407383	2.1240374843875474	2.3717647568555615
0.399	2.6963960292093576	2.9115302827196667	2.179855653373075	2.4128095702709884
0.412	2.7498221715245124	2.95132832993327	2.2354534406740143	2.4537435400570753
0.425	2.8031738195236926	2.9910954885765215	2.290845235293034	2.494574043581084
0.438	2.8564562080526157	3.030833486976481	2.346044408878789	2.5353078924348766
0.451	2.9096741410563878	3.0705439108034316	2.401063397723895	2.575951415024326
0.464	2.9628320259573715	3.1102281941078407	2.455913773307433	2.6165104638345293
0.477	3.0159339069403637	3.1498876460998235	2.510606307983158	2.6569904645379636
0.49	3.0689834945002588	3.189523449519625	2.5651510335679473	2.6973964324218613
0.503	3.121984190942149	3.2291366741213006	2.6195572930321473	2.737733002703705
0.516	3.1749391181592768	3.268728311347192	2.673833792415176	2.7780044864058944
0.529	3.227851140353248	3.3082992619095233	2.727988645459379	2.818214870927798
0.542	3.280722886028851	3.3478503570796243	2.782029415849783	2.8583678582292595
0.555	3.333556768719521	3.387382353972369	2.835963156679882	2.8984668753457883
0.568	3.38635500105895	3.4268959276493893	2.8897964416805246	2.938515075659776
0.581	3.4391196149756955	3.4663917219735794	2.9435354017718	2.9785154091372266
0.594	3.49185247590684	3.5058703190804583	2.9971857543220053	3.0184705987113265
0.607	3.544555297017677	3.5453322610945173	3.0507528315093633	3.0583831747298715
0.62	3.5972296532964734	3.58477805244816	3.1042416077109873	3.0982554882489324
0.633	3.6498769917121026	3.624208145458922	3.1576567220274048	3.1380897039938302
0.646	3.702498641410998	3.6636229606563555	3.2110025001486666	3.1778878303326774
0.659	3.755095825515375	3.7030228997852013	3.2642829772094246	3.217651741977961
0.672	3.807669669703089	3.742408332614338	3.3175019166833533	3.257383172209286
0.685	3.860221210973616	3.7817796123510137	3.370662828888638	3.2970837361240726
0.698	3.9127514068603326	3.821137076738866	3.423768989398917	3.33675493911069
0.711	3.96526114091619	3.860481030995918	3.4768234531014333	3.3763981636070795
0.724	4.017751228834652	3.899811768578081	3.5298290684352307	3.41601469633794
0.737	4.070222426564281	3.9391295827326482	3.582788493219188	3.45560574655415
0.75	4.122675435422051	3.978434751085855	3.6357042069705128	3.495172433408559
0.763	4.175110907588553	4.017727548004873	3.688578523220742	3.534715803733775
0.776	4.227529451839637	4.057008251693652	3.7414136017024857	3.5742368434850538
0.789	4.2799316393303695	4.096277131913309	3.7942114602424613	3.613736470644585
0.802	4.33231800325691	4.135534435382754	3.8469739800930807	3.6532155198190694
0.815	4.384689047077583	4.174780439700231	3.899702919712632	3.6926748066231734
0.828	4.437045246943288	4.214015410858795	3.9523999223641852	3.7321150838298434
0.841	4.489387055064526	4.253239619354764	4.005066524429116	3.771537062672885
0.854	4.541714902987309	4.292453343810199	4.057704163405733	3.8109414194466003
0.867	4.594029205538439	4.331656876483399	4.110314186384549	3.850328804805475
0.88	4.646330363781572	4.370850497998117	4.162897857331709	3.8896998223917443
0.893	4.698618760922861	4.4100344723549	4.215456357054984	3.929055020938393
0.906	4.7508947729002164	4.449209127727216	4.267990797921206	3.968394988816657
0.919	4.803158767638879	4.4883747576728235	4.320502226922542	4.007720250110741
0.932	4.855411102024861	4.527531645651917	4.372991626312027	4.047031291423075
0.945	4.9076521285713826	4.566680121021923	4.425459923938133	4.086328626770613
0.958	4.959882196535398	4.60582050279228	4.4779079978323955	4.125612740003426
0.971	5.0121016497917985	4.644953091727115	4.53033667740656	4.164884078532993
0.984	5.064310827640976	4.684078198496567	4.582746747509743	4.20414308566172
0.997	5.116510067073922	4.723196145646802	4.635138953843724	4.243390205322228
1.01	5.168699702921831	4.762307254476548	4.6875140061229414	4.282625869663906
1.023	5.220880068759783	4.801411831237481	4.73987258187753	4.3218504894955325
1.036	5.273051490403274	4.840510164958214	4.792215322661226	4.3610644467956625
1.049	5.325214297323794	4.879602601276472	4.8445428482130115	4.40026818405812
1.062	5.377368812865034	4.91868941416824	4.896855749093715	4.439462061456001
1.075	5.429515358261317	4.95777090438621	4.949154593111883	4.478646468475488
1.088	5.481654249643839	4.996847348747313	5.001439924535102	4.517821767338165
1.101	5.533785799906337	5.035919033730443	5.05371226805246	4.556988331636163
1.114	5.585910317771425	5.074986234342804	5.105972129764952	4.5961465234107495
1.127	5.63802810815466	5.114049202443609	5.158219999330782	4.635296684792158
1.14	5.690139464557105	5.1531081662323475	5.210456343938047	4.674439129933756
1.153	5.742244681753207	5.192163411417528	5.262681622547348	4.713574241980515
1.166	5.794344043859847	5.231215135345023	5.314896275211559	4.752702308942138
1.179	5.846437829514198	5.270263567285824	5.367100729464521	4.7918236581757965
1.192	5.898526308322812	5.309308903242492	5.419295397788204	4.830938582772521
1.205	5.950609742607674	5.348351345637251	5.471480680270825	4.870047385591975
1.218	6.002688386773181	5.387391088329048	5.523656964744298	4.909150361416892
1.231	6.054762489188232	5.426428303338879	5.575824629327876	4.948247787335056
1.244	6.106832282565982	5.465463126313714	5.627984033309859	4.987339897317886
1.257	6.15889799882524	5.504495761995836	5.680135532513414	5.026427005905775
1.27	6.210959856143906	5.543526320088528	5.732279466644268	5.065509322768835
1.283	6.263018066041078	5.582554955380371	5.784416166668213	5.104587108697676
1.296	6.315072830029767	5.621581784320054	5.8365459516448155	5.143660582558649
1.309	6.367124340310805	5.660606924850211	5.888669129555392	5.182729964540612
1.322	6.41917278054083	5.699630491572043	5.940785998150736	5.221795470308037
1.335	6.471218326180094	5.738652593556773	5.992896845331784	5.2608573082929935
1.348	6.5232611449398235	5.7776733271698335	6.045001949593066	5.2999156729869865
1.361	6.575301394299885	5.8166927700532405	6.0971015774996244	5.338970736313871
1.374	6.627339224284685	5.855711012434034	6.149195986414234	5.378022682173394
1.387	6.679374777104582	5.894728134795044	6.201285424064677	5.417071681235574
1.4	6.731408188410671	5.933744215177663	6.253370129717374	5.45611789996948
1.413	6.7834395857915215	5.972759313100374	6.305450332580558	5.495161482587595
1.426	6.835469089073878	6.011773488105592	6.357526252013891	5.534202570574028
1.439	6.887496811668793	6.050786802138957	6.40959809878651	5.573241305338567
1.452	6.939522860698503	6.0897993143449485	6.461666075117087	5.612277821980399
1.465	6.991547338424514	6.128811079957086	6.5137303760234735	5.651312249829627
1.478	7.043570339499795	6.167822133361802	6.565791186497491	5.6903446924765575
1.491	7.095591953128396	6.206832521679926	6.6178486836049	5.729375264635335
1.504	7.147612263319728	6.245842287197076	6.66990303668649	5.768404072819655
1.517	7.199631349318179	6.284851474103127	6.721954407745274	5.807431222370624
1.53	7.251649286993146	6.323860121885395	6.774002952805937	5.846456812275774
1.543	7.303666145533834	6.362868248981235	6.8260488185839385	5.885480915416468
1.556	7.355681990432971	6.401875891909227	6.878092145462227	5.924503622054545
1.569	7.407696882914956	6.440883080881223	6.930133066917699	5.9635250123291055
1.582	7.459710881698102	6.4798898534571	6.98217171129385	6.002545172202556
1.595	7.511724042204784	6.518896228812717	7.034208201027392	6.041564166698006
1.608	7.563736413959697	6.557902217995899	7.086242650070038	6.080582048452167
1.621	7.6157480452145965	6.596907859811056	7.138275168550888	6.1195988983290155
1.634	7.667758981489816	6.635913171865982	7.190305861356389	6.158614772572846
1.647	7.719769264449661	6.674918169339054	7.242334827050889	6.1976297222485535
1.66	7.7717789342529136	6.713922877073476	7.294362160280208	6.236643807696146
1.673	7.823788027695306	6.752927305781406	7.346387949968439	6.275657071717733
1.686	7.87579657961527	6.791931476617826	7.398412280784306	6.314669566634976
1.699	7.927804623217159	6.830935405205102	7.450435233527203	6.353681337699057
1.712	7.979812188627041	6.869939101099902	7.50245688374737	6.392692421325927
1.725	8.031819305180536	6.90894258399988	7.554477304102257	6.43170286416698
1.738	8.083825999494325	6.947945860184644	7.60649656249556	6.470712696422323
1.751	8.135832297024791	6.986948947188594	7.6585147237062445	6.509721959183915
1.764	8.187838222033506	7.025951855950109	7.710531849423994	6.548730685554528
1.777	8.239843796484239	7.064954591577377	7.762547997215874	6.587738900856653
1.79	8.291849041260763	7.103957169041394	7.814563221814597	6.626746639695996
1.803	8.343853976715383	7.142959598995619	7.866577575736525	6.665753931660787
1.816	8.395858620694828	7.18196188274906	7.918591107375329	6.704760794543817
1.829	8.447862990791117	7.2209640365387315	7.970603863321116	6.743767261517036
1.842	8.499867103699307	7.259966067257762	8.02261588778404	6.782773354879851
1.855	8.551870974702847	7.2989679754014976	8.074627222144247	6.821779089732639
1.868	8.603874616878686	7.337969768159088	8.126637904219896	6.860784485840582
1.881	8.655878045595921	7.376971467477174	8.178647972828504	6.899789580221283
1.894	8.707881272528306	7.415973060424912	8.230657461857435	6.938794369980777
1.907	8.75988431013229	7.454974564840823	8.282666404800949	6.977798885756586
1.92	8.81188716947296	7.493975979191886	8.334674832641474	7.016803136275246
1.933	8.863889860766161	7.532977310698086	8.386682774445807	7.0558071387885795
1.946	8.915892394527843	7.571978568302892	8.438690258566721	7.0948109124392165
1.959	8.967894779754628	7.610979749220322	8.490697310873147	7.133814462895654
1.972	9.019897024952757	7.649980861723964	8.542703955827454	7.172817806948401
1.985	9.071899139015	7.688981913104934	8.594710217408604	7.211820960492808
1.998	9.123901129259753	7.727982899171197	8.646716117195146	7.250823926217446
2.011	9.175903002760625	7.7669838286539585	8.698721675737378	7.289826720069497
2.024	9.227904767049653	7.805984707697561	8.75072691330113	7.328829355460492
2.037	9.27990642809692	7.844985531159541	8.80273184788578	7.367831832850859
2.05	9.331907991762057	7.883986307626129	8.85473649671292	7.406834166912261
2.063	9.383909464431142	7.922987042620817	8.906740876898507	7.4458363693190135
2.076	9.435910851008503	7.961987730454693	8.958745003478024	7.48483843896233
2.089	9.487912156313186	8.000988378932458	9.01074889083507	7.523840388736379
2.102	9.539913385754149	8.039988993467876	9.062752553407046	7.562842229271887
2.115	9.59191454341926	8.078989568274963	9.114756003802892	7.601843958567974
2.128	9.643915633225431	8.117990109647558	9.166759253980828	7.640845587114633
2.141	9.69591665972784	8.15699062355401	9.218762316083787	7.679847125293411
2.154	9.74791762649033	8.195991104402358	9.270765200834441	7.718848570797726
2.167	9.79991853644427	8.234991554872582	9.322767917917679	7.757849929511909
2.18	9.851919393422747	8.273991984038306	9.374770477537192	7.796851214366125
2.193	9.903920200783901	8.31299238826843	9.426772889059889	7.835852424633929
2.206	9.955920960953044	8.351992765550667	9.478775160578058	7.874853560828974
2.219	10.007921676723758	8.390993122156004	9.530777300229536	7.913854632283525
2.232	10.059922350872071	8.429993459126244	9.582779315829855	7.9528556426125805
2.245	10.111922985781181	8.468993774998593	9.63478121451399	7.991856592706946
2.258	10.16392358340299	8.507994072490861	9.686783002714014	8.030857487237697
2.271	10.215924146729948	8.546994356779267	9.738784687646254	8.069858334404357
2.284	10.267924677037453	8.585994618306817	9.790786274568005	8.108859125646847
2.297	10.319925176155335	8.624994866819248	9.842787769062763	8.147859873013399
2.31	10.371925646655884	8.66399510494755	9.89478917724114	8.186860581419772
2.323	10.423926089730635	8.702995324308494	9.946790503629776	8.225861243436022
2.336	10.475926506691218	8.741995530768609	9.998791752683749	8.264861866683352
2.349	10.527926899554172	8.780995729180873	10.050792929382306	8.30386245789391
2.362	10.579927269789971	8.819995914580675	10.102794037988113	8.342863013297414
2.375	10.63192761819781	8.858996085750865	10.154795081931768	8.381863532712195
2.388	10.683927946152776	8.897996250206244	10.206796065068156	8.420864025157043
2.401	10.735928255551029	8.936996407926317	10.258796991630291	8.45986449222346
2.414	10.787928546741474	8.975996550249764	10.310797864169116	8.498864925500412
2.427	10.83992882065665	9.014996686337135	10.362798685692141	8.537865335548874
2.44	10.891929079079665	9.05399681855238	10.414799459937663	8.57686572625913
2.453	10.943929322362465	9.092996938432467	10.46680018909987	8.61586608923167
2.466	10.995929551383743	9.13199705174416	10.518800875793243	8.654866431618949
2.479	11.047929766929775	9.170997159670787	10.570801522439524	8.693866755169166
2.492	11.099929970331475	9.209997263645178	10.622802131910516	8.732867062586603
2.505	11.151930161727162	9.248997357444885	10.674802705796285	8.771867347634005
2.518	11.203930341956886	9.287997447696913	10.726803246304636	8.810867618160504
2.531	11.255930511781045	9.32699753338202	10.77880375548455	8.84986787365496
2.544	11.30793067182093	9.365997613105863	10.830804235171302	8.88886811337701
2.557	11.359930822297825	9.40499768601865	10.882804686729845	8.927868336815001
2.57	11.411930963894072	9.443997753601993	10.934805111919959	8.966868546450826
2.583	11.463931096391642	9.482997820965267	10.986805511538611	9.005868746600163
2.596	11.515931223499635	9.521997898199382	11.038805890251115	9.044868951078554
2.609	11.567931342117184	9.560997946914023	11.090806245857337	9.08386911739587
2.622	11.619931453820998	9.599998003046247	11.142806580782533	9.12286928546587
2.635	11.671931558706856	9.638998054334214	11.19480689592183	9.161869441702935
2.648	11.723931657853358	9.677998107077505	11.246807193106818	9.200869593687589
2.661	11.775931751341599	9.716998153008342	11.298807473127896	9.239869732954805
2.674	11.827931839040417	9.755998193562998	11.350807736522071	9.27886986125584
2.687	11.879931921406481	9.794998235761037	11.402807984375407	9.317869986030425
2.7	11.931931999715886	9.833998278980697	11.454808218556886	9.356870107645392
2.713	11.983932073056803	9.872998312294584	11.50680843871315	9.395870214019686
2.726	12.035932142284466	9.911998347987385	11.558808646225492	9.434870319046526
2.739	12.087932207331193	9.950998379522389	11.610808841521756	9.473870415595723
2.752	12.139932268694125	9.989998410934867	11.662809025565847	9.512870508437018
2.765	12.191932326447706	10.028998439445452	11.714809198871876	9.551870594686314
2.778	12.24393238086377	10.067998467316398	11.76680936212581	9.590870676962084
2.791	12.2959324322778	10.106998493104362	11.818809516053227	9.629870754144521
2.804	12.347932480371998	10.145998515228102	11.870809660703769	9.668870824335027
2.817	12.399932525859704	10.18499853952343	11.922809797136876	9.707870894263985
2.83	12.451932568648921	10.22399856050459	11.974809925586554	9.746870957999427
2.843	12.503932609020248	10.262998580984378	12.026810046640472	9.78587101887897
2.856	12.55593264696301	10.301998599580083	12.07881016057719	9.824871075402763
2.869	12.607932682794146	10.340998617930499	12.130810267986075	9.86387112962047
2.882	12.659932716439368	10.379998634255891	12.18281036904945	9.902871179567589
2.895	12.711932748241178	10.418998650699939	12.234810464351526	9.941871227855232
2.908	12.763932778075953	10.457998665029548	12.28681055399633	9.980871271989244
2.921	12.815932806301387	10.496998679762958	12.338810638556001	10.019871314993543
2.934	12.867932832757992	10.53599868702688	12.390810718073025	10.058871349060258
2.947	12.9199328560363	10.574998686804102	12.442810791328174	10.097871373213758
2.96	12.971932877714861	10.613998714132995	12.494810860079191	10.136871423156203
2.973	13.0239329035023	10.652998753822605	12.54681093020349	10.175871488073842
2.986	13.075932924310857	10.691998733848763	12.598810992772265	10.214871486380154
2.999	13.127932944038449	10.730998748847028	12.650811051833179	10.253871521827602
3.012	13.17993296256175	10.76999875753558	12.702811107403935	10.292871548988984
3.025	13.231932980004782	10.80899876630381	12.7548111597414	10.331871575213835
3.038	13.283932996434125	10.847998774522674	12.806811209037274	10.37087159986587
3.051	13.335933011908695	10.886998782259385	12.858811255468321	10.409871623079976
3.064	13.387933026483978	10.92599878954651	12.910811299201034	10.448871644945012
3.077	13.43993304021224	10.96499879641018	12.962811340392223	10.487871665539378
3.09	13.491933053142706	11.003998802874996	13.014811379189597	10.52687168493692
3.103	13.54393306532174	11.042998808964146	13.066811415732268	10.565871703207195
3.116	13.595933076793015	11.081998814699444	13.11881145015127	10.604871720415714
3.129	13.64793308759766	11.120998820101466	13.170811482570025	10.64387173662418
3.142	13.699933097774418	11.159998825189575	13.222811513104778	10.682871751890714
3.155	13.751933107359777	11.198998829982012	13.274811541865015	10.721871766270054
3.168	13.803933116388107	11.237998834495956	13.326811568953866	10.76087177981376
3.181	13.85593312489178	11.276998838747595	13.378811594468464	10.799871792570395
3.194	13.907933132901286	11.31599884275217	13.430811618500298	10.838871804585702
3.207	13.959933140445342	11.354998846524035	13.48281164113554	10.87787181590276
3.22	14.011933147550998	11.393998850076715	13.53481166245535	10.916871826562147
3.233	14.06393315424373	11.432998853422953	13.586811682536178	10.955871836602087
3.246	14.115933160547534	11.471998856574734	13.638811701450027	10.994871846058572
3.259	14.167933166485016	11.510998859543363	13.690811719264717	11.033871854965517
3.272	14.219933172077457	11.549998862339487	13.742811736044123	11.072871863354854
3.285	14.271933177344915	11.588998864973126	13.794811751848414	11.111871871256662
3.298	14.32393318230627	11.627998867453726	13.846811766734255	11.150871878699279
3.311	14.375933186979314	11.666998869790174	13.898811780755025	11.189871885709382
3.324	14.427933191380802	11.705998871990849	13.950811793960998	11.22887189231211
3.337	14.479933195526511	11.744998874063645	14.002811806399524	11.267871898531139
3.35	14.531933199431311	11.78399887601599	14.054811818115201	11.306871904388762
3.363	14.583933203109197	11.822998877854882	14.106811829150043	11.34587190990599
3.376	14.635933206573355	11.861998879586915	14.158811839543612	11.384871915102595
3.389	14.68793320983621	11.900998881218296	14.210811849333174	11.423871919997213
3.402	14.739933212909452	11.939998882754884	14.262811858553833	11.462871924607398
3.415	14.791933215804109	11.978998884202174	14.31481186723865	11.501871928949674
3.428	14.843933218530553	12.017998885565362	14.366811875418763	11.54087193303961
3.441	14.89593322109856	12.056998886849339	14.418811883123507	11.57987193689187
3.454	14.94793322351734	12.095998888058698	14.470811890380505	11.61887194052027
3.467	14.99993322579556	12.134998889197785	14.522811897215774	11.657871943937817
3.48	15.051933227941392	12.17399889027068	14.57481190365383	11.696871947156763
3.493	15.103933229962527	12.212998891281222	14.626811909717752	11.735871950188649
3.506	15.155933231866213	12.251998892233047	14.67881191542928	11.774871953044348
3.519	15.207933233659272	12.29099889312956	14.730811920808899	11.813871955734097
3.532	15.259933235348138	12.329998893973976	14.782811925875892	11.85287195826754
3.545	15.31193323693886	12.368998894769321	14.834811930648428	11.89187196065376
3.558	15.363933238437147	12.40799889551845	14.88681193514362	11.930871962901312
3.571	15.415933239848364	12.446998896224049	14.938811939377585	11.969871965018257
3.584	15.467933241177574	12.48599889688864	14.990811943365507	12.008871967012183
3.597	15.519933242429547	12.524998897514614	15.04281194712168	12.047871968890236
3.61	15.571933243608765	12.563998898104211	15.09481195065957	12.086871970659155
3.623	15.623933244719456	12.60299889865955	15.146811953991866	12.12587197232528
3.636	15.675933245765606	12.641998899182616	15.198811957130516	12.164871973894583
3.649	15.727933246750965	12.68099889967528	15.250811960086772	12.20387197537269
3.662	15.779933247679061	12.719998900139327	15.302811962871235	12.242871976764906
3.675	15.831933248553224	12.758998900576401	15.354811965493885	12.281871978076218
3.688	15.883933249376593	12.797998900988082	15.406811967964128	12.320871979311324
3.701	15.935933250152113	12.836998901375829	15.45881197029082	12.35987198047466
3.714	15.987933250882568	12.875998901741054	15.510811972482303	12.398871981570391
3.727	16.039933251570574	12.91499890208505	15.562811974546436	12.437871982602449
3.74	16.091933252218602	12.953998902409056	15.614811976490618	12.476871983574533
3.753	16.14393325282897	12.992998902714241	15.66681197832182	12.515871984490126
3.766	16.19593325340387	13.031998903001684	15.718811980046608	12.554871985352515
3.779	16.247933253945362	13.070998903272427	15.770811981671164	12.593871986164789
3.792	16.29993325445539	13.109998903527437	15.822811983201314	12.632871986929858
3.805	16.35193325493578	13.148998903767628	15.874811984642546	12.671871987650473
3.818	16.40393325538825	13.187998903993865	15.926811986000024	12.71087198832921
3.831	16.455933255814433	13.226998904206946	15.978811987278618	12.749871988968502
3.844	16.507933256215846	13.265998904407653	16.03081198848291	12.788871989570648
3.857	16.559933256593933	13.304998904596694	16.08281198961722	12.827871990137803
3.87	16.61193325695005	13.34399890477475	16.134811990685613	12.866871990671997
3.883	16.66393325728547	13.382998904942456	16.18681199169192	12.90587199117515
3.896	16.715933257601407	13.421998905100423	16.238811992639747	12.944871991649066
3.909	16.767933257898978	13.460998905249204	16.290811993532497	12.98387199209544
3.922	16.819933258179255	13.499998905389342	16.342811994373367	13.022871992515874
3.935	16.87193325844325	13.53899890552134	16.394811995165373	13.061871992911879
3.948	16.923933258691903	13.577998905645664	16.446811995911354	13.100871993284871
3.961	16.9759332589261	13.616998905762758	16.498811996613984	13.139871993636186
3.974	17.0279332591467	13.655998905873057	16.550811997275787	13.178871993967089
3.987	17.079933259354473	13.694998905976941	16.60281199789913	13.21787199427876
4.	17.131933259550173	13.733977272063278	16.65481199848625	13.256871994572686