  0.0000000000    0.0036000000
  0.0000500000    0.0006000000    299    19
  0.0000008809    0.0000051135    0.0000101466    0.0000152364    0.0000203627
  0.0000255321    0.0000307363    0.0000359752    0.0000412446    0.0000465563
  0.0000519079    0.0000572958    0.0000627287    0.0000682048    0.0000737215
  0.0000792814    0.0000848913    0.0000905512    0.0000962492    0.0001020141
  0.0001078273    0.0001136938    0.0001196163    0.0001256074    0.0001316476
  0.0001377623    0.0001439388    0.0001501874    0.0001565122    0.0001629065
  0.0001693880    0.0001759474    0.0001825915    0.0001893407    0.0001961745
  0.0002031100    0.0002101493    0.0002173080    0.0002245802    0.0002319765
  0.0002395058    0.0002471786    0.0002549993    0.0002629787    0.0002711251
  0.0002794557    0.0002877515    0.0002877528    0.0002877528    0.0002877528
  0.0002877528    0.0002877528    0.0002877528    0.0002877528    0.0002877528
  0.0002877528    0.0002877528    0.0002877528    0.0002877528    0.0002877528
  0.0002877528    0.0002877528    0.0002877528    0.0002877528    0.0002877528
  0.0002877528    0.0002877528    0.0002877528    0.0002877528    0.0002877528
  0.0002877528    0.0002877528    0.0002877528    0.0002877528    0.0002877528
  0.0002877528    0.0002877528    0.0002877528    0.0002877528    0.0002877528
  0.0002877528    0.0002877528    0.0002877528    0.0002877528    0.0002877528
  0.0002877528    0.0002877528    0.0002877528    0.0002877528    0.0002877528
  0.0002877528    0.0002877528    0.0002877528    0.0002877528    0.0002877528
  0.0002877528    0.0002877528    0.0002877528    0.0002877528    0.0002877528
  0.0002877528    0.0002877528    0.0002877528    0.0002877528    0.0002877528
  0.0002877528    0.0002877528    0.0002877528    0.0002877528    0.0002877528
  0.0002877528    0.0002877528    0.0002877528    0.0002877528    0.0002877528
  0.0002877528    0.0002877528    0.0002877528    0.0002877528    0.0002877528
  0.0002877528    0.0002877528    0.0002877528    0.0002877528    0.0002877528
  0.0002877528    0.0002877528    0.0002877528    0.0002877528    0.0002877528
  0.0002877528    0.0002877528    0.0002877528    0.0002877528    0.0002877528
  0.0002877528    0.0002877528    0.0002877528    0.0002877528    0.0002877528
  0.0002877528    0.0002877528    0.0002877528    0.0002877528    0.0002877528
  0.0002877528    0.0002877528    0.0002877528    0.0002877528    0.0002877528
  0.0002877528    0.0002877528    0.0002877528    0.0002877528    0.0002877528
  0.0002877528    0.0002877528    0.0002877528    0.0002877528    0.0002877528
  0.0002877528    0.0002877528    0.0002877528    0.0002877528    0.0002877528
  0.0002877528    0.0002877528    0.0002877528    0.0002877528    0.0002877528
  0.0002877528    0.0002877528    0.0002877528    0.0002877528    0.0002877528
  0.0002877528    0.0002877528    0.0002877528    0.0002877528    0.0002877528
  0.0002877528    0.0002877528    0.0002877528    0.0002877528    0.0002877528
  0.0002877528    0.0002877528    0.0002877528    0.0002877528    0.0002877528
  0.0002877528    0.0002877528    0.0002877528    0.0002877528    0.0002877528
  0.0002877528    0.0002877528    0.0002877528    0.0002877528    0.0002877528
  0.0002877528    0.0002877528    0.0002877528    0.0002877528    0.0002877528
  0.0002877528    0.0002877528    0.0002877528    0.0002877528    0.0002877528
  0.0002877528    0.0002877528    0.0002877528    0.0002877528    0.0002877528
  0.0002877528    0.0002877528    0.0002877528    0.0002877528    0.0002877528
  0.0002877528    0.0002877528    0.0002877528    0.0002877528    0.0002877528
  0.0002877528    0.0002877528    0.0002877528    0.0002877528    0.0002877528
  0.0002877528    0.0002877528    0.0002877528    0.0002877528    0.0002877528
  0.0002877528    0.0002877528    0.0002877528    0.0002877528    0.0002877528
  0.0002877528    0.0002877528    0.0002877528    0.0002877528    0.0002877528
  0.0002877528    0.0002877528    0.0002877528    0.0002877528    0.0002877528
  0.0002877528    0.0002877528    0.0002877528    0.0002877528    0.0002877528
  0.0002877528    0.0002877528    0.0002877528    0.0002877528    0.0002877528
  0.0002877528    0.0002877528    0.0002877528    0.0002877528    0.0002877528
  0.0002877528    0.0002877528    0.0002877528    0.0002877528    0.0002877528
  0.0002877528    0.0002877528    0.0002877528    0.0002877528    0.0002877528
  0.0002877528    0.0002877528    0.0002877528    0.0002877528    0.0002877528
  0.0002877528    0.0002877528    0.0002877528    0.0002877528    0.0002877528
  0.0002877528    0.0002877528    0.0002877528    0.0002877528    0.0002877528
  0.0002877528    0.0002877528    0.0002877528    0.0002877528    0.0002877528
  0.0002877528    0.0002877528    0.0002877528    0.0002877528    0.0002877528
  0.0000013087    0.0000050593    0.0000098925    0.0000148104    0.0000197681
  0.0000247605    0.0000297842    0.0000348402    0.0000399173    0.0000450376
  0.0000501808    0.0000553612    0.0000605713    0.0000658204    0.0000711016
  0.0000764117    0.0000817666    0.0000871588    0.0000925824    0.0000980542
  0.0001035566    0.0001091122    0.0001147077    0.0001203464    0.0001260377
  0.0001317594    0.0001375412    0.0001433781    0.0001492650    0.0001552044
  0.0001611997    0.0001672534    0.0001733699    0.0001795464    0.0001857874
  0.0001920978    0.0001984768    0.0002049345    0.0002114652    0.0002180746
  0.0002247661    0.0002315432    0.0002384076    0.0002453795    0.0002524387
  0.0002596046    0.0002668806    0.0002742727    0.0002817841    0.0002894295
  0.0002972035    0.0003051203    0.0003131858    0.0003214172    0.0003298173
  0.0003326709    0.0003326680    0.0003326680    0.0003326680    0.0003326680
  0.0003326680    0.0003326680    0.0003326680    0.0003326680    0.0003326680
  0.0003326680    0.0003326680    0.0003326680    0.0003326680    0.0003326680
  0.0003326680    0.0003326680    0.0003326680    0.0003326680    0.0003326680
  0.0003326680    0.0003326680    0.0003326680    0.0003326680    0.0003326680
  0.0003326680    0.0003326680    0.0003326680    0.0003326680    0.0003326680
  0.0003326680    0.0003326680    0.0003326680    0.0003326680    0.0003326680
  0.0003326680    0.0003326680    0.0003326680    0.0003326680    0.0003326680
  0.0003326680    0.0003326680    0.0003326680    0.0003326680    0.0003326680
  0.0003326680    0.0003326680    0.0003326680    0.0003326680    0.0003326680
  0.0003326680    0.0003326680    0.0003326680    0.0003326680    0.0003326680
  0.0003326680    0.0003326680    0.0003326680    0.0003326680    0.0003326680
  0.0003326680    0.0003326680    0.0003326680    0.0003326680    0.0003326680
  0.0003326680    0.0003326680    0.0003326680    0.0003326680    0.0003326680
  0.0003326680    0.0003326680    0.0003326680    0.0003326680    0.0003326680
  0.0003326680    0.0003326680    0.0003326680    0.0003326680    0.0003326680
  0.0003326680    0.0003326680    0.0003326680    0.0003326680    0.0003326680
  0.0003326680    0.0003326680    0.0003326680    0.0003326680    0.0003326680
  0.0003326680    0.0003326680    0.0003326680    0.0003326680    0.0003326680
  0.0003326680    0.0003326680    0.0003326680    0.0003326680    0.0003326680
  0.0003326680    0.0003326680    0.0003326680    0.0003326680    0.0003326680
  0.0003326680    0.0003326680    0.0003326680    0.0003326680    0.0003326680
  0.0003326680    0.0003326680    0.0003326680    0.0003326680    0.0003326680
  0.0003326680    0.0003326680    0.0003326680    0.0003326680    0.0003326680
  0.0003326680    0.0003326680    0.0003326680    0.0003326680    0.0003326680
  0.0003326680    0.0003326680    0.0003326680    0.0003326680    0.0003326680
  0.0003326680    0.0003326680    0.0003326680    0.0003326680    0.0003326680
  0.0003326680    0.0003326680    0.0003326680    0.0003326680    0.0003326680
  0.0003326680    0.0003326680    0.0003326680    0.0003326680    0.0003326680
  0.0003326680    0.0003326680    0.0003326680    0.0003326680    0.0003326680
  0.0003326680    0.0003326680    0.0003326680    0.0003326680    0.0003326680
  0.0003326680    0.0003326680    0.0003326680    0.0003326680    0.0003326680
  0.0003326680    0.0003326680    0.0003326680    0.0003326680    0.0003326680
  0.0003326680    0.0003326680    0.0003326680    0.0003326680    0.0003326680
  0.0003326680    0.0003326680    0.0003326680    0.0003326680    0.0003326680
  0.0003326680    0.0003326680    0.0003326680    0.0003326680    0.0003326680
  0.0003326680    0.0003326680    0.0003326680    0.0003326680    0.0003326680
  0.0003326680    0.0003326680    0.0003326680    0.0003326680    0.0003326680
  0.0003326680    0.0003326680    0.0003326680    0.0003326680    0.0003326680
  0.0003326680    0.0003326680    0.0003326680    0.0003326680    0.0003326680
  0.0003326680    0.0003326680    0.0003326680    0.0003326680    0.0003326680
  0.0003326680    0.0003326680    0.0003326680    0.0003326680    0.0003326680
  0.0003326680    0.0003326680    0.0003326680    0.0003326680    0.0003326680
  0.0003326680    0.0003326680    0.0003326680    0.0003326680    0.0003326680
  0.0003326680    0.0003326680    0.0003326680    0.0003326680    0.0003326680
  0.0003326680    0.0003326680    0.0003326680    0.0003326680    0.0003326680
  0.0003326680    0.0003326680    0.0003326680    0.0003326680    0.0003326680
  0.0003326680    0.0003326680    0.0003326680    0.0003326680    0.0003326680
  0.0003326680    0.0003326680    0.0003326680    0.0003326680    0.0003326680
  0.0000018364    0.0000051076    0.0000097273    0.0000144910    0.0000192903
  0.0000241286    0.0000290126    0.0000339101    0.0000388415    0.0000437933
  0.0000487823    0.0000537866    0.0000588247    0.0000638900    0.0000689874
  0.0000741078    0.0000792628    0.0000844424    0.0000896576    0.0000949041
  0.0001001820    0.0001054980    0.0001108495    0.0001162332    0.0001216500
  0.0001271058    0.0001325971    0.0001381358    0.0001437093    0.0001493243
  0.0001549816    0.0001606881    0.0001664310    0.0001722314    0.0001780760
  0.0001839688    0.0001899166    0.0001959145    0.0002019631    0.0002080779
  0.0002142460    0.0002204759    0.0002267694    0.0002331255    0.0002395494
  0.0002460487    0.0002526072    0.0002592556    0.0002659768    0.0002727776
  0.0002796683    0.0002866512    0.0002937239    0.0003008830    0.0003081565
  0.0003155350    0.0003230245    0.0003306224    0.0003383549    0.0003462086
  0.0003542055    0.0003623395    0.0003706328    0.0003767857    0.0003767865
  0.0003767865    0.0003767865    0.0003767865    0.0003767865    0.0003767865
  0.0003767865    0.0003767865    0.0003767865    0.0003767865    0.0003767865
  0.0003767865    0.0003767865    0.0003767865    0.0003767865    0.0003767865
  0.0003767865    0.0003767865    0.0003767865    0.0003767865    0.0003767865
  0.0003767865    0.0003767865    0.0003767865    0.0003767865    0.0003767865
  0.0003767865    0.0003767865    0.0003767865    0.0003767865    0.0003767865
  0.0003767865    0.0003767865    0.0003767865    0.0003767865    0.0003767865
  0.0003767865    0.0003767865    0.0003767865    0.0003767865    0.0003767865
  0.0003767865    0.0003767865    0.0003767865    0.0003767865    0.0003767865
  0.0003767865    0.0003767865    0.0003767865    0.0003767865    0.0003767865
  0.0003767865    0.0003767865    0.0003767865    0.0003767865    0.0003767865
  0.0003767865    0.0003767865    0.0003767865    0.0003767865    0.0003767865
  0.0003767865    0.0003767865    0.0003767865    0.0003767865    0.0003767865
  0.0003767865    0.0003767865    0.0003767865    0.0003767865    0.0003767865
  0.0003767865    0.0003767865    0.0003767865    0.0003767865    0.0003767865
  0.0003767865    0.0003767865    0.0003767865    0.0003767865    0.0003767865
  0.0003767865    0.0003767865    0.0003767865    0.0003767865    0.0003767865
  0.0003767865    0.0003767865    0.0003767865    0.0003767865    0.0003767865
  0.0003767865    0.0003767865    0.0003767865    0.0003767865    0.0003767865
  0.0003767865    0.0003767865    0.0003767865    0.0003767865    0.0003767865
  0.0003767865    0.0003767865    0.0003767865    0.0003767865    0.0003767865
  0.0003767865    0.0003767865    0.0003767865    0.0003767865    0.0003767865
  0.0003767865    0.0003767865    0.0003767865    0.0003767865    0.0003767865
  0.0003767865    0.0003767865    0.0003767865    0.0003767865    0.0003767865
  0.0003767865    0.0003767865    0.0003767865    0.0003767865    0.0003767865
  0.0003767865    0.0003767865    0.0003767865    0.0003767865    0.0003767865
  0.0003767865    0.0003767865    0.0003767865    0.0003767865    0.0003767865
  0.0003767865    0.0003767865    0.0003767865    0.0003767865    0.0003767865
  0.0003767865    0.0003767865    0.0003767865    0.0003767865    0.0003767865
  0.0003767865    0.0003767865    0.0003767865    0.0003767865    0.0003767865
  0.0003767865    0.0003767865    0.0003767865    0.0003767865    0.0003767865
  0.0003767865    0.0003767865    0.0003767865    0.0003767865    0.0003767865
  0.0003767865    0.0003767865    0.0003767865    0.0003767865    0.0003767865
  0.0003767865    0.0003767865    0.0003767865    0.0003767865    0.0003767865
  0.0003767865    0.0003767865    0.0003767865    0.0003767865    0.0003767865
  0.0003767865    0.0003767865    0.0003767865    0.0003767865    0.0003767865
  0.0003767865    0.0003767865    0.0003767865    0.0003767865    0.0003767865
  0.0003767865    0.0003767865    0.0003767865    0.0003767865    0.0003767865
  0.0003767865    0.0003767865    0.0003767865    0.0003767865    0.0003767865
  0.0003767865    0.0003767865    0.0003767865    0.0003767865    0.0003767865
  0.0003767865    0.0003767865    0.0003767865    0.0003767865    0.0003767865
  0.0003767865    0.0003767865    0.0003767865    0.0003767865    0.0003767865
  0.0003767865    0.0003767865    0.0003767865    0.0003767865    0.0003767865
  0.0003767865    0.0003767865    0.0003767865    0.0003767865    0.0003767865
  0.0003767865    0.0003767865    0.0003767865    0.0003767865    0.0003767865
  0.0003767865    0.0003767865    0.0003767865    0.0003767865    0.0003767865
  0.0003767865    0.0003767865    0.0003767865    0.0003767865    0.0003767865
  0.0000024428    0.0000052516    0.0000096392    0.0000142488    0.0000189142
  0.0000236288    0.0000283824    0.0000331461    0.0000379437    0.0000427752
  0.0000476049    0.0000524703    0.0000573628    0.0000622840    0.0000672290
  0.0000721892    0.0000771799    0.0000822079    0.0000872444    0.0000923113
  0.0000974156    0.0001025401    0.0001076952    0.0001128705    0.0001180899
  0.0001233263    0.0001285999    0.0001339125    0.0001392505    0.0001446156
  0.0001500256    0.0001554678    0.0001609371    0.0001664606    0.0001720104
  0.0001776050    0.0001832336    0.0001889104    0.0001946245    0.0002003783
  0.0002061873    0.0002120352    0.0002179280    0.0002238708    0.0002298644
  0.0002359148    0.0002420193    0.0002481688    0.0002543809    0.0002606498
  0.0002669822    0.0002733731    0.0002798326    0.0002863581    0.0002929472
  0.0002996201    0.0003063617    0.0003131854    0.0003200870    0.0003270725
  0.0003341443    0.0003413001    0.0003485625    0.0003559165    0.0003633788
  0.0003709462    0.0003786288    0.0003864215    0.0003943464    0.0004024016
  0.0004105857    0.0004189230    0.0004201834    0.0004201842    0.0004201842
  0.0004201842    0.0004201842    0.0004201842    0.0004201842    0.0004201842
  0.0004201842    0.0004201842    0.0004201842    0.0004201842    0.0004201842
  0.0004201842    0.0004201842    0.0004201842    0.0004201842    0.0004201842
  0.0004201842    0.0004201842    0.0004201842    0.0004201842    0.0004201842
  0.0004201842    0.0004201842    0.0004201842    0.0004201842    0.0004201842
  0.0004201842    0.0004201842    0.0004201842    0.0004201842    0.0004201842
  0.0004201842    0.0004201842    0.0004201842    0.0004201842    0.0004201842
  0.0004201842    0.0004201842    0.0004201842    0.0004201842    0.0004201842
  0.0004201842    0.0004201842    0.0004201842    0.0004201842    0.0004201842
  0.0004201842    0.0004201842    0.0004201842    0.0004201842    0.0004201842
  0.0004201842    0.0004201842    0.0004201842    0.0004201842    0.0004201842
  0.0004201842    0.0004201842    0.0004201842    0.0004201842    0.0004201842
  0.0004201842    0.0004201842    0.0004201842    0.0004201842    0.0004201842
  0.0004201842    0.0004201842    0.0004201842    0.0004201842    0.0004201842
  0.0004201842    0.0004201842    0.0004201842    0.0004201842    0.0004201842
  0.0004201842    0.0004201842    0.0004201842    0.0004201842    0.0004201842
  0.0004201842    0.0004201842    0.0004201842    0.0004201842    0.0004201842
  0.0004201842    0.0004201842    0.0004201842    0.0004201842    0.0004201842
  0.0004201842    0.0004201842    0.0004201842    0.0004201842    0.0004201842
  0.0004201842    0.0004201842    0.0004201842    0.0004201842    0.0004201842
  0.0004201842    0.0004201842    0.0004201842    0.0004201842    0.0004201842
  0.0004201842    0.0004201842    0.0004201842    0.0004201842    0.0004201842
  0.0004201842    0.0004201842    0.0004201842    0.0004201842    0.0004201842
  0.0004201842    0.0004201842    0.0004201842    0.0004201842    0.0004201842
  0.0004201842    0.0004201842    0.0004201842    0.0004201842    0.0004201842
  0.0004201842    0.0004201842    0.0004201842    0.0004201842    0.0004201842
  0.0004201842    0.0004201842    0.0004201842    0.0004201842    0.0004201842
  0.0004201842    0.0004201842    0.0004201842    0.0004201842    0.0004201842
  0.0004201842    0.0004201842    0.0004201842    0.0004201842    0.0004201842
  0.0004201842    0.0004201842    0.0004201842    0.0004201842    0.0004201842
  0.0004201842    0.0004201842    0.0004201842    0.0004201842    0.0004201842
  0.0004201842    0.0004201842    0.0004201842    0.0004201842    0.0004201842
  0.0004201842    0.0004201842    0.0004201842    0.0004201842    0.0004201842
  0.0004201842    0.0004201842    0.0004201842    0.0004201842    0.0004201842
  0.0004201842    0.0004201842    0.0004201842    0.0004201842    0.0004201842
  0.0004201842    0.0004201842    0.0004201842    0.0004201842    0.0004201842
  0.0004201842    0.0004201842    0.0004201842    0.0004201842    0.0004201842
  0.0004201842    0.0004201842    0.0004201842    0.0004201842    0.0004201842
  0.0004201842    0.0004201842    0.0004201842    0.0004201842    0.0004201842
  0.0004201842    0.0004201842    0.0004201842    0.0004201842    0.0004201842
  0.0004201842    0.0004201842    0.0004201842    0.0004201842    0.0004201842
  0.0004201842    0.0004201842    0.0004201842    0.0004201842    0.0004201842
  0.0004201842    0.0004201842    0.0004201842    0.0004201842    0.0004201842
  0.0004201842    0.0004201842    0.0004201842    0.0004201842    0.0004201842
  0.0004201842    0.0004201842    0.0004201842    0.0004201842    0.0004201842
  0.0000031323    0.0000055311    0.0000096579    0.0000140963    0.0000186279
  0.0000232138    0.0000278504    0.0000325023    0.0000371864    0.0000418942
  0.0000466105    0.0000513607    0.0000561278    0.0000609237    0.0000657382
  0.0000705629    0.0000754232    0.0000803038    0.0000852014    0.0000901294
  0.0000950778    0.0001000431    0.0001050456    0.0001100635    0.0001151016
  0.0001201787    0.0001252694    0.0001304007    0.0001355439    0.0001407261
  0.0001459353    0.0001511767    0.0001564385    0.0001617308    0.0001670586
  0.0001724136    0.0001778058    0.0001832352    0.0001886901    0.0001941891
  0.0001997134    0.0002052750    0.0002108824    0.0002165211    0.0002221988
  0.0002279256    0.0002336854    0.0002394884    0.0002453389    0.0002512308
  0.0002571711    0.0002631647    0.0002691947    0.0002752840    0.0002814182
  0.0002876109    0.0002938578    0.0003001563    0.0003065226    0.0003129431
  0.0003194288    0.0003259772    0.0003325883    0.0003392765    0.0003460333
  0.0003528595    0.0003597662    0.0003667492    0.0003738100    0.0003809742
  0.0003882079    0.0003955407    0.0004029768    0.0004105018    0.0004181344
  0.0004258805    0.0004337393    0.0004417150    0.0004498092    0.0004580441
  0.0004629298    0.0004629332    0.0004629332    0.0004629332    0.0004629332
  0.0004629332    0.0004629332    0.0004629332    0.0004629332    0.0004629332
  0.0004629332    0.0004629332    0.0004629332    0.0004629332    0.0004629332
  0.0004629332    0.0004629332    0.0004629332    0.0004629332    0.0004629332
  0.0004629332    0.0004629332    0.0004629332    0.0004629332    0.0004629332
  0.0004629332    0.0004629332    0.0004629332    0.0004629332    0.0004629332
  0.0004629332    0.0004629332    0.0004629332    0.0004629332    0.0004629332
  0.0004629332    0.0004629332    0.0004629332    0.0004629332    0.0004629332
  0.0004629332    0.0004629332    0.0004629332    0.0004629332    0.0004629332
  0.0004629332    0.0004629332    0.0004629332    0.0004629332    0.0004629332
  0.0004629332    0.0004629332    0.0004629332    0.0004629332    0.0004629332
  0.0004629332    0.0004629332    0.0004629332    0.0004629332    0.0004629332
  0.0004629332    0.0004629332    0.0004629332    0.0004629332    0.0004629332
  0.0004629332    0.0004629332    0.0004629332    0.0004629332    0.0004629332
  0.0004629332    0.0004629332    0.0004629332    0.0004629332    0.0004629332
  0.0004629332    0.0004629332    0.0004629332    0.0004629332    0.0004629332
  0.0004629332    0.0004629332    0.0004629332    0.0004629332    0.0004629332
  0.0004629332    0.0004629332    0.0004629332    0.0004629332    0.0004629332
  0.0004629332    0.0004629332    0.0004629332    0.0004629332    0.0004629332
  0.0004629332    0.0004629332    0.0004629332    0.0004629332    0.0004629332
  0.0004629332    0.0004629332    0.0004629332    0.0004629332    0.0004629332
  0.0004629332    0.0004629332    0.0004629332    0.0004629332    0.0004629332
  0.0004629332    0.0004629332    0.0004629332    0.0004629332    0.0004629332
  0.0004629332    0.0004629332    0.0004629332    0.0004629332    0.0004629332
  0.0004629332    0.0004629332    0.0004629332    0.0004629332    0.0004629332
  0.0004629332    0.0004629332    0.0004629332    0.0004629332    0.0004629332
  0.0004629332    0.0004629332    0.0004629332    0.0004629332    0.0004629332
  0.0004629332    0.0004629332    0.0004629332    0.0004629332    0.0004629332
  0.0004629332    0.0004629332    0.0004629332    0.0004629332    0.0004629332
  0.0004629332    0.0004629332    0.0004629332    0.0004629332    0.0004629332
  0.0004629332    0.0004629332    0.0004629332    0.0004629332    0.0004629332
  0.0004629332    0.0004629332    0.0004629332    0.0004629332    0.0004629332
  0.0004629332    0.0004629332    0.0004629332    0.0004629332    0.0004629332
  0.0004629332    0.0004629332    0.0004629332    0.0004629332    0.0004629332
  0.0004629332    0.0004629332    0.0004629332    0.0004629332    0.0004629332
  0.0004629332    0.0004629332    0.0004629332    0.0004629332    0.0004629332
  0.0004629332    0.0004629332    0.0004629332    0.0004629332    0.0004629332
  0.0004629332    0.0004629332    0.0004629332    0.0004629332    0.0004629332
  0.0004629332    0.0004629332    0.0004629332    0.0004629332    0.0004629332
  0.0004629332    0.0004629332    0.0004629332    0.0004629332    0.0004629332
  0.0004629332    0.0004629332    0.0004629332    0.0004629332    0.0004629332
  0.0004629332    0.0004629332    0.0004629332    0.0004629332    0.0004629332
  0.0004629332    0.0004629332    0.0004629332    0.0004629332    0.0004629332
  0.0004629332    0.0004629332    0.0004629332    0.0004629332    0.0004629332
  0.0000039235    0.0000059445    0.0000097798    0.0000140370    0.0000184382
  0.0000229156    0.0000274303    0.0000319721    0.0000365512    0.0000411455
  0.0000457703    0.0000504103    0.0000550656    0.0000597548    0.0000644490
  0.0000691721    0.0000739070    0.0000786724    0.0000834548    0.0000882473
  0.0000930703    0.0000979119    0.0001027688    0.0001076528    0.0001125588
  0.0001174886    0.0001224386    0.0001274175    0.0001324082    0.0001374311
  0.0001424726    0.0001475498    0.0001526387    0.0001577548    0.0001628980
  0.0001680700    0.0001732741    0.0001785054    0.0001837452    0.0001890442
  0.0001943399    0.0001996914    0.0002050718    0.0002104657    0.0002159002
  0.0002213873    0.0002268913    0.0002324309    0.0002380044    0.0002436118
  0.0002492547    0.0002549332    0.0002606625    0.0002664257    0.0002722262
  0.0002780708    0.0002839593    0.0002898953    0.0002958669    0.0003018910
  0.0003079609    0.0003140747    0.0003202488    0.0003264719    0.0003327484
  0.0003390749    0.0003454590    0.0003519032    0.0003584008    0.0003649721
  0.0003716010    0.0003782908    0.0003850544    0.0003918900    0.0003988009
  0.0004057821    0.0004128362    0.0004199801    0.0004272036    0.0004345110
  0.0004419064    0.0004493993    0.0004569861    0.0004646814    0.0004724775
  0.0004803812    0.0004883933    0.0004965349    0.0005047952    0.0005050781
  0.0005050773    0.0005050773    0.0005050773    0.0005050773    0.0005050773
  0.0005050773    0.0005050773    0.0005050773    0.0005050773    0.0005050773
  0.0005050773    0.0005050773    0.0005050773    0.0005050773    0.0005050773
  0.0005050773    0.0005050773    0.0005050773    0.0005050773    0.0005050773
  0.0005050773    0.0005050773    0.0005050773    0.0005050773    0.0005050773
  0.0005050773    0.0005050773    0.0005050773    0.0005050773    0.0005050773
  0.0005050773    0.0005050773    0.0005050773    0.0005050773    0.0005050773
  0.0005050773    0.0005050773    0.0005050773    0.0005050773    0.0005050773
  0.0005050773    0.0005050773    0.0005050773    0.0005050773    0.0005050773
  0.0005050773    0.0005050773    0.0005050773    0.0005050773    0.0005050773
  0.0005050773    0.0005050773    0.0005050773    0.0005050773    0.0005050773
  0.0005050773    0.0005050773    0.0005050773    0.0005050773    0.0005050773
  0.0005050773    0.0005050773    0.0005050773    0.0005050773    0.0005050773
  0.0005050773    0.0005050773    0.0005050773    0.0005050773    0.0005050773
  0.0005050773    0.0005050773    0.0005050773    0.0005050773    0.0005050773
  0.0005050773    0.0005050773    0.0005050773    0.0005050773    0.0005050773
  0.0005050773    0.0005050773    0.0005050773    0.0005050773    0.0005050773
  0.0005050773    0.0005050773    0.0005050773    0.0005050773    0.0005050773
  0.0005050773    0.0005050773    0.0005050773    0.0005050773    0.0005050773
  0.0005050773    0.0005050773    0.0005050773    0.0005050773    0.0005050773
  0.0005050773    0.0005050773    0.0005050773    0.0005050773    0.0005050773
  0.0005050773    0.0005050773    0.0005050773    0.0005050773    0.0005050773
  0.0005050773    0.0005050773    0.0005050773    0.0005050773    0.0005050773
  0.0005050773    0.0005050773    0.0005050773    0.0005050773    0.0005050773
  0.0005050773    0.0005050773    0.0005050773    0.0005050773    0.0005050773
  0.0005050773    0.0005050773    0.0005050773    0.0005050773    0.0005050773
  0.0005050773    0.0005050773    0.0005050773    0.0005050773    0.0005050773
  0.0005050773    0.0005050773    0.0005050773    0.0005050773    0.0005050773
  0.0005050773    0.0005050773    0.0005050773    0.0005050773    0.0005050773
  0.0005050773    0.0005050773    0.0005050773    0.0005050773    0.0005050773
  0.0005050773    0.0005050773    0.0005050773    0.0005050773    0.0005050773
  0.0005050773    0.0005050773    0.0005050773    0.0005050773    0.0005050773
  0.0005050773    0.0005050773    0.0005050773    0.0005050773    0.0005050773
  0.0005050773    0.0005050773    0.0005050773    0.0005050773    0.0005050773
  0.0005050773    0.0005050773    0.0005050773    0.0005050773    0.0005050773
  0.0005050773    0.0005050773    0.0005050773    0.0005050773    0.0005050773
  0.0005050773    0.0005050773    0.0005050773    0.0005050773    0.0005050773
  0.0005050773    0.0005050773    0.0005050773    0.0005050773    0.0005050773
  0.0005050773    0.0005050773    0.0005050773    0.0005050773    0.0005050773
  0.0005050773    0.0005050773    0.0005050773    0.0005050773    0.0005050773
  0.0005050773    0.0005050773    0.0005050773    0.0005050773    0.0005050773
  0.0005050773    0.0005050773    0.0005050773    0.0005050773    0.0005050773
  0.0000047976    0.0000064984    0.0000100289    0.0000140879    0.0000183467
  0.0000226954    0.0000271034    0.0000315435    0.0000360260    0.0000405153
  0.0000450452    0.0000495887    0.0000541457    0.0000587333    0.0000633310
  0.0000679524    0.0000726009    0.0000772494    0.0000819335    0.0000866176
  0.0000913254    0.0000960569    0.0001007935    0.0001055742    0.0001103565
  0.0001151575    0.0001199890    0.0001248272    0.0001296994    0.0001345851
  0.0001394928    0.0001444191    0.0001493675    0.0001543446    0.0001593371
  0.0001643515    0.0001693964    0.0001744515    0.0001795422    0.0001846566
  0.0001898014    0.0001949531    0.0002001505    0.0002053631    0.0002106046
  0.0002158782    0.0002211806    0.0002265051    0.0002318583    0.0002372455
  0.0002426495    0.0002481044    0.0002535949    0.0002590938    0.0002646402
  0.0002702188    0.0002758431    0.0002814877    0.0002871764    0.0002928837
  0.0002986503    0.0003044440    0.0003102885    0.0003161652    0.0003220944
  0.0003280525    0.0003340630    0.0003401193    0.0003462095    0.0003523623
  0.0003585575    0.0003648035    0.0003710987    0.0003774455    0.0003838558
  0.0003903204    0.0003968307    0.0004034062    0.0004100478    0.0004167495
  0.0004235131    0.0004303537    0.0004372545    0.0004442290    0.0004512704
  0.0004583973    0.0004655996    0.0004728866    0.0004802575    0.0004877072
  0.0004952593    0.0005028860    0.0005106347    0.0005184706    0.0005264123
  0.0005344719    0.0005426432    0.0005466776    0.0005466759    0.0005466759
  0.0005466759    0.0005466759    0.0005466759    0.0005466759    0.0005466759
  0.0005466759    0.0005466759    0.0005466759    0.0005466759    0.0005466759
  0.0005466759    0.0005466759    0.0005466759    0.0005466759    0.0005466759
  0.0005466759    0.0005466759    0.0005466759    0.0005466759    0.0005466759
  0.0005466759    0.0005466759    0.0005466759    0.0005466759    0.0005466759
  0.0005466759    0.0005466759    0.0005466759    0.0005466759    0.0005466759
  0.0005466759    0.0005466759    0.0005466759    0.0005466759    0.0005466759
  0.0005466759    0.0005466759    0.0005466759    0.0005466759    0.0005466759
  0.0005466759    0.0005466759    0.0005466759    0.0005466759    0.0005466759
  0.0005466759    0.0005466759    0.0005466759    0.0005466759    0.0005466759
  0.0005466759    0.0005466759    0.0005466759    0.0005466759    0.0005466759
  0.0005466759    0.0005466759    0.0005466759    0.0005466759    0.0005466759
  0.0005466759    0.0005466759    0.0005466759    0.0005466759    0.0005466759
  0.0005466759    0.0005466759    0.0005466759    0.0005466759    0.0005466759
  0.0005466759    0.0005466759    0.0005466759    0.0005466759    0.0005466759
  0.0005466759    0.0005466759    0.0005466759    0.0005466759    0.0005466759
  0.0005466759    0.0005466759    0.0005466759    0.0005466759    0.0005466759
  0.0005466759    0.0005466759    0.0005466759    0.0005466759    0.0005466759
  0.0005466759    0.0005466759    0.0005466759    0.0005466759    0.0005466759
  0.0005466759    0.0005466759    0.0005466759    0.0005466759    0.0005466759
  0.0005466759    0.0005466759    0.0005466759    0.0005466759    0.0005466759
  0.0005466759    0.0005466759    0.0005466759    0.0005466759    0.0005466759
  0.0005466759    0.0005466759    0.0005466759    0.0005466759    0.0005466759
  0.0005466759    0.0005466759    0.0005466759    0.0005466759    0.0005466759
  0.0005466759    0.0005466759    0.0005466759    0.0005466759    0.0005466759
  0.0005466759    0.0005466759    0.0005466759    0.0005466759    0.0005466759
  0.0005466759    0.0005466759    0.0005466759    0.0005466759    0.0005466759
  0.0005466759    0.0005466759    0.0005466759    0.0005466759    0.0005466759
  0.0005466759    0.0005466759    0.0005466759    0.0005466759    0.0005466759
  0.0005466759    0.0005466759    0.0005466759    0.0005466759    0.0005466759
  0.0005466759    0.0005466759    0.0005466759    0.0005466759    0.0005466759
  0.0005466759    0.0005466759    0.0005466759    0.0005466759    0.0005466759
  0.0005466759    0.0005466759    0.0005466759    0.0005466759    0.0005466759
  0.0005466759    0.0005466759    0.0005466759    0.0005466759    0.0005466759
  0.0005466759    0.0005466759    0.0005466759    0.0005466759    0.0005466759
  0.0005466759    0.0005466759    0.0005466759    0.0005466759    0.0005466759
  0.0005466759    0.0005466759    0.0005466759    0.0005466759    0.0005466759
  0.0005466759    0.0005466759    0.0005466759    0.0005466759    0.0005466759
  0.0005466759    0.0005466759    0.0005466759    0.0005466759    0.0005466759
  0.0005466759    0.0005466759    0.0005466759    0.0005466759    0.0005466759
  0.0000057615    0.0000071964    0.0000103982    0.0000142505    0.0000183433
  0.0000225700    0.0000268628    0.0000312166    0.0000355872    0.0000399969
  0.0000444303    0.0000488890    0.0000533597    0.0000578473    0.0000623603
  0.0000668953    0.0000714388    0.0000760093    0.0000805782    0.0000851844
  0.0000898024    0.0000944306    0.0000990707    0.0001037429    0.0001084151
  0.0001131111    0.0001178358    0.0001225623    0.0001273209    0.0001320914
  0.0001368873    0.0001416798    0.0001465181    0.0001513648    0.0001562251
  0.0001611192    0.0001660286    0.0001709431    0.0001759016    0.0001808703
  0.0001858644    0.0001908704    0.0001959153    0.0002009620    0.0002060560
  0.0002111585    0.0002162780    0.0002214297    0.0002266220    0.0002318211
  0.0002370523    0.0002423022    0.0002475877    0.0002528986    0.0002582299
  0.0002635831    0.0002689889    0.0002744200    0.0002798715    0.0002853569
  0.0002908711    0.0002964175    0.0003020062    0.0003076186    0.0003132599
  0.0003189435    0.0003246610    0.0003304242    0.0003362094    0.0003420421
  0.0003479069    0.0003538209    0.0003597806    0.0003657658    0.0003717966
  0.0003778800    0.0003839956    0.0003901722    0.0003963843    0.0004026557
  0.0004089695    0.0004153392    0.0004217563    0.0004282311    0.0004347668
  0.0004413380    0.0004479839    0.0004546991    0.0004614635    0.0004682949
  0.0004751923    0.0004821532    0.0004891869    0.0004962944    0.0005034832
  0.0005107431    0.0005180809    0.0005254908    0.0005329955    0.0005405832
  0.0005482819    0.0005560500    0.0005639384    0.0005719090    0.0005799923
  0.0005877748    0.0005877833    0.0005877833    0.0005877833    0.0005877833
  0.0005877833    0.0005877833    0.0005877833    0.0005877833    0.0005877833
  0.0005877833    0.0005877833    0.0005877833    0.0005877833    0.0005877833
  0.0005877833    0.0005877833    0.0005877833    0.0005877833    0.0005877833
  0.0005877833    0.0005877833    0.0005877833    0.0005877833    0.0005877833
  0.0005877833    0.0005877833    0.0005877833    0.0005877833    0.0005877833
  0.0005877833    0.0005877833    0.0005877833    0.0005877833    0.0005877833
  0.0005877833    0.0005877833    0.0005877833    0.0005877833    0.0005877833
  0.0005877833    0.0005877833    0.0005877833    0.0005877833    0.0005877833
  0.0005877833    0.0005877833    0.0005877833    0.0005877833    0.0005877833
  0.0005877833    0.0005877833    0.0005877833    0.0005877833    0.0005877833
  0.0005877833    0.0005877833    0.0005877833    0.0005877833    0.0005877833
  0.0005877833    0.0005877833    0.0005877833    0.0005877833    0.0005877833
  0.0005877833    0.0005877833    0.0005877833    0.0005877833    0.0005877833
  0.0005877833    0.0005877833    0.0005877833    0.0005877833    0.0005877833
  0.0005877833    0.0005877833    0.0005877833    0.0005877833    0.0005877833
  0.0005877833    0.0005877833    0.0005877833    0.0005877833    0.0005877833
  0.0005877833    0.0005877833    0.0005877833    0.0005877833    0.0005877833
  0.0005877833    0.0005877833    0.0005877833    0.0005877833    0.0005877833
  0.0005877833    0.0005877833    0.0005877833    0.0005877833    0.0005877833
  0.0005877833    0.0005877833    0.0005877833    0.0005877833    0.0005877833
  0.0005877833    0.0005877833    0.0005877833    0.0005877833    0.0005877833
  0.0005877833    0.0005877833    0.0005877833    0.0005877833    0.0005877833
  0.0005877833    0.0005877833    0.0005877833    0.0005877833    0.0005877833
  0.0005877833    0.0005877833    0.0005877833    0.0005877833    0.0005877833
  0.0005877833    0.0005877833    0.0005877833    0.0005877833    0.0005877833
  0.0005877833    0.0005877833    0.0005877833    0.0005877833    0.0005877833
  0.0005877833    0.0005877833    0.0005877833    0.0005877833    0.0005877833
  0.0005877833    0.0005877833    0.0005877833    0.0005877833    0.0005877833
  0.0005877833    0.0005877833    0.0005877833    0.0005877833    0.0005877833
  0.0005877833    0.0005877833    0.0005877833    0.0005877833    0.0005877833
  0.0005877833    0.0005877833    0.0005877833    0.0005877833    0.0005877833
  0.0005877833    0.0005877833    0.0005877833    0.0005877833    0.0005877833
  0.0005877833    0.0005877833    0.0005877833    0.0005877833    0.0005877833
  0.0005877833    0.0005877833    0.0005877833    0.0005877833    0.0005877833
  0.0005877833    0.0005877833    0.0005877833    0.0005877833    0.0005877833
  0.0005877833    0.0005877833    0.0005877833    0.0005877833    0.0005877833
  0.0005877833    0.0005877833    0.0005877833    0.0005877833    0.0005877833
  0.0005877833    0.0005877833    0.0005877833    0.0005877833    0.0005877833
  0.0000067898    0.0000080265    0.0000109064    0.0000145232    0.0000184484
  0.0000225446    0.0000267307    0.0000309607    0.0000352586    0.0000395666
  0.0000439237    0.0000482893    0.0000526871    0.0000570951    0.0000615285
  0.0000659720    0.0000704393    0.0000749150    0.0000794043    0.0000839105
  0.0000884421    0.0000929890    0.0000975477    0.0001021183    0.0001067024
  0.0001113103    0.0001159317    0.0001205582    0.0001252270    0.0001298959
  0.0001345749    0.0001392861    0.0001440075    0.0001487356    0.0001534976
  0.0001582732    0.0001630572    0.0001678633    0.0001726999    0.0001775398
  0.0001824069    0.0001872908    0.0001921935    0.0001971249    0.0002020733
  0.0002070386    0.0002120225    0.0002170302    0.0002220683    0.0002271065
  0.0002321768    0.0002372760    0.0002424005    0.0002475335    0.0002526936
  0.0002578978    0.0002631054    0.0002683519    0.0002736086    0.0002789025
  0.0002842270    0.0002895582    0.0002949420    0.0003003359    0.0003057721
  0.0003112287    0.0003167090    0.0003222317    0.0003277933    0.0003333735
  0.0003389809    0.0003446255    0.0003503125    0.0003560181    0.0003617779
  0.0003675598    0.0003733721    0.0003792404    0.0003851323    0.0003910683
  0.0003970501    0.0004030674    0.0004091186    0.0004152037    0.0004213616
  0.0004275551    0.0004337859    0.0004400658    0.0004464067    0.0004527815
  0.0004592172    0.0004656936    0.0004722327    0.0004788226    0.0004854719
  0.0004921820    0.0004989414    0.0005057718    0.0005126582    0.0005196039
  0.0005266241    0.0005337138    0.0005408780    0.0005481133    0.0005554207
  0.0005628144    0.0005702776    0.0005778255    0.0005854556    0.0005931806
  0.0006009902    0.0006089006    0.0006169127    0.0006250188    0.0006283883
  0.0006283900    0.0006283900    0.0006283900    0.0006283900    0.0006283900
  0.0006283900    0.0006283900    0.0006283900    0.0006283900    0.0006283900
  0.0006283900    0.0006283900    0.0006283900    0.0006283900    0.0006283900
  0.0006283900    0.0006283900    0.0006283900    0.0006283900    0.0006283900
  0.0006283900    0.0006283900    0.0006283900    0.0006283900    0.0006283900
  0.0006283900    0.0006283900    0.0006283900    0.0006283900    0.0006283900
  0.0006283900    0.0006283900    0.0006283900    0.0006283900    0.0006283900
  0.0006283900    0.0006283900    0.0006283900    0.0006283900    0.0006283900
  0.0006283900    0.0006283900    0.0006283900    0.0006283900    0.0006283900
  0.0006283900    0.0006283900    0.0006283900    0.0006283900    0.0006283900
  0.0006283900    0.0006283900    0.0006283900    0.0006283900    0.0006283900
  0.0006283900    0.0006283900    0.0006283900    0.0006283900    0.0006283900
  0.0006283900    0.0006283900    0.0006283900    0.0006283900    0.0006283900
  0.0006283900    0.0006283900    0.0006283900    0.0006283900    0.0006283900
  0.0006283900    0.0006283900    0.0006283900    0.0006283900    0.0006283900
  0.0006283900    0.0006283900    0.0006283900    0.0006283900    0.0006283900
  0.0006283900    0.0006283900    0.0006283900    0.0006283900    0.0006283900
  0.0006283900    0.0006283900    0.0006283900    0.0006283900    0.0006283900
  0.0006283900    0.0006283900    0.0006283900    0.0006283900    0.0006283900
  0.0006283900    0.0006283900    0.0006283900    0.0006283900    0.0006283900
  0.0006283900    0.0006283900    0.0006283900    0.0006283900    0.0006283900
  0.0006283900    0.0006283900    0.0006283900    0.0006283900    0.0006283900
  0.0006283900    0.0006283900    0.0006283900    0.0006283900    0.0006283900
  0.0006283900    0.0006283900    0.0006283900    0.0006283900    0.0006283900
  0.0006283900    0.0006283900    0.0006283900    0.0006283900    0.0006283900
  0.0006283900    0.0006283900    0.0006283900    0.0006283900    0.0006283900
  0.0006283900    0.0006283900    0.0006283900    0.0006283900    0.0006283900
  0.0006283900    0.0006283900    0.0006283900    0.0006283900    0.0006283900
  0.0006283900    0.0006283900    0.0006283900    0.0006283900    0.0006283900
  0.0006283900    0.0006283900    0.0006283900    0.0006283900    0.0006283900
  0.0006283900    0.0006283900    0.0006283900    0.0006283900    0.0006283900
  0.0006283900    0.0006283900    0.0006283900    0.0006283900    0.0006283900
  0.0006283900    0.0006283900    0.0006283900    0.0006283900    0.0006283900
  0.0006283900    0.0006283900    0.0006283900    0.0006283900    0.0006283900
  0.0006283900    0.0006283900    0.0006283900    0.0006283900    0.0006283900
  0.0006283900    0.0006283900    0.0006283900    0.0006283900    0.0006283900
  0.0006283900    0.0006283900    0.0006283900    0.0006283900    0.0006283900
  0.0000079248    0.0000089718    0.0000115434    0.0000149281    0.0000186822
  0.0000226090    0.0000266815    0.0000308184    0.0000350130    0.0000392464
  0.0000434985    0.0000477913    0.0000521112    0.0000564327    0.0000607797
  0.0000651538    0.0000695380    0.0000739426    0.0000783556    0.0000827890
  0.0000872325    0.0000917100    0.0000961738    0.0001006580    0.0001051710
  0.0001096958    0.0001142343    0.0001187845    0.0001233483    0.0001279223
  0.0001325302    0.0001371262    0.0001417628    0.0001464096    0.0001510615
  0.0001557372    0.0001604263    0.0001651308    0.0001698606    0.0001745904
  0.0001793474    0.0001841263    0.0001889155    0.0001937317    0.0001985462
  0.0002033929    0.0002082600    0.0002131474    0.0002180415    0.0002229679
  0.0002278976    0.0002328595    0.0002378435    0.0002428494    0.0002478656
  0.0002529173    0.0002579724    0.0002630579    0.0002681757    0.0002732986
  0.0002784485    0.0002836341    0.0002888264    0.0002940593    0.0002993042
  0.0003045727    0.0003098650    0.0003151928    0.0003205562    0.0003259264
  0.0003313305    0.0003367600    0.0003422267    0.0003477257    0.0003532381
  0.0003587794    0.0003643614    0.0003699704    0.0003756201    0.0003812902
  0.0003869958    0.0003927421    0.0003985239    0.0004043244    0.0004101791
  0.0004160592    0.0004219698    0.0004279244    0.0004339282    0.0004399675
  0.0004460425    0.0004521614    0.0004583228    0.0004645315    0.0004707843
  0.0004770845    0.0004834186    0.0004898104    0.0004962495    0.0005027395
  0.0005092853    0.0005158786    0.0005225228    0.0005292228    0.0005359974
  0.0005428126    0.0005496871    0.0005566294    0.0005636445    0.0005707122
  0.0005778493    0.0005850592    0.0005923403    0.0005996909    0.0006071159
  0.0006146308    0.0006222118    0.0006298825    0.0006376337    0.0006454857
  0.0006534224    0.0006614455    0.0006685724    0.0006685851    0.0006685851
  0.0006685851    0.0006685851    0.0006685851    0.0006685851    0.0006685851
  0.0006685851    0.0006685851    0.0006685851    0.0006685851    0.0006685851
  0.0006685851    0.0006685851    0.0006685851    0.0006685851    0.0006685851
  0.0006685851    0.0006685851    0.0006685851    0.0006685851    0.0006685851
  0.0006685851    0.0006685851    0.0006685851    0.0006685851    0.0006685851
  0.0006685851    0.0006685851    0.0006685851    0.0006685851    0.0006685851
  0.0006685851    0.0006685851    0.0006685851    0.0006685851    0.0006685851
  0.0006685851    0.0006685851    0.0006685851    0.0006685851    0.0006685851
  0.0006685851    0.0006685851    0.0006685851    0.0006685851    0.0006685851
  0.0006685851    0.0006685851    0.0006685851    0.0006685851    0.0006685851
  0.0006685851    0.0006685851    0.0006685851    0.0006685851    0.0006685851
  0.0006685851    0.0006685851    0.0006685851    0.0006685851    0.0006685851
  0.0006685851    0.0006685851    0.0006685851    0.0006685851    0.0006685851
  0.0006685851    0.0006685851    0.0006685851    0.0006685851    0.0006685851
  0.0006685851    0.0006685851    0.0006685851    0.0006685851    0.0006685851
  0.0006685851    0.0006685851    0.0006685851    0.0006685851    0.0006685851
  0.0006685851    0.0006685851    0.0006685851    0.0006685851    0.0006685851
  0.0006685851    0.0006685851    0.0006685851    0.0006685851    0.0006685851
  0.0006685851    0.0006685851    0.0006685851    0.0006685851    0.0006685851
  0.0006685851    0.0006685851    0.0006685851    0.0006685851    0.0006685851
  0.0006685851    0.0006685851    0.0006685851    0.0006685851    0.0006685851
  0.0006685851    0.0006685851    0.0006685851    0.0006685851    0.0006685851
  0.0006685851    0.0006685851    0.0006685851    0.0006685851    0.0006685851
  0.0006685851    0.0006685851    0.0006685851    0.0006685851    0.0006685851
  0.0006685851    0.0006685851    0.0006685851    0.0006685851    0.0006685851
  0.0006685851    0.0006685851    0.0006685851    0.0006685851    0.0006685851
  0.0006685851    0.0006685851    0.0006685851    0.0006685851    0.0006685851
  0.0006685851    0.0006685851    0.0006685851    0.0006685851    0.0006685851
  0.0006685851    0.0006685851    0.0006685851    0.0006685851    0.0006685851
  0.0006685851    0.0006685851    0.0006685851    0.0006685851    0.0006685851
  0.0006685851    0.0006685851    0.0006685851    0.0006685851    0.0006685851
  0.0006685851    0.0006685851    0.0006685851    0.0006685851    0.0006685851
  0.0006685851    0.0006685851    0.0006685851    0.0006685851    0.0006685851
  0.0006685851    0.0006685851    0.0006685851    0.0006685851    0.0006685851
  0.0006685851    0.0006685851    0.0006685851    0.0006685851    0.0006685851
  0.0000091005    0.0000100153    0.0000123159    0.0000154499    0.0000190345
  0.0000228055    0.0000267459    0.0000307744    0.0000348673    0.0000390143
  0.0000431953    0.0000473966    0.0000516351    0.0000558838    0.0000601563
  0.0000644592    0.0000687621    0.0000730854    0.0000774324    0.0000818031
  0.0000861704    0.0000905546    0.0000949490    0.0000993739    0.0001038005
  0.0001082576    0.0001127113    0.0001171768    0.0001216661    0.0001261588
  0.0001306769    0.0001352153    0.0001397554    0.0001443124    0.0001488745
  0.0001534536    0.0001580597    0.0001626828    0.0001673110    0.0001719511
  0.0001766098    0.0001812837    0.0001859779    0.0001906824    0.0001954105
  0.0002001522    0.0002049057    0.0002096813    0.0002144620    0.0002192782
  0.0002241046    0.0002289462    0.0002338133    0.0002386939    0.0002435728
  0.0002484941    0.0002534289    0.0002583840    0.0002633629    0.0002683570
  0.0002733697    0.0002783943    0.0002834545    0.0002885299    0.0002936155
  0.0002987401    0.0003038866    0.0003090434    0.0003142238    0.0003194449
  0.0003246677    0.0003299295    0.0003351980    0.0003405106    0.0003458452
  0.0003511934    0.0003565704    0.0003619846    0.0003674226    0.0003728808
  0.0003783696    0.0003838889    0.0003894319    0.0003950138    0.0004006195
  0.0004062539    0.0004119189    0.0004176296    0.0004233521    0.0004291272
  0.0004349141    0.0004407553    0.0004466235    0.0004525341    0.0004584735
  0.0004644468    0.0004704641    0.0004765221    0.0004826157    0.0004887550
  0.0004949197    0.0005011453    0.0005074185    0.0005137221    0.0005200698
  0.0005264682    0.0005329209    0.0005394143    0.0005459466    0.0005525450
  0.0005591976    0.0005658976    0.0005726536    0.0005794688    0.0005863467
  0.0005932653    0.0006002685    0.0006073142    0.0006144275    0.0006216222
  0.0006288661    0.0006361844    0.0006435841    0.0006510532    0.0006585800
  0.0006662168    0.0006739062    0.0006817074    0.0006895712    0.0006975299
  0.0007055818    0.0007083449    0.0007083550    0.0007083550    0.0007083550
  0.0007083550    0.0007083550    0.0007083550    0.0007083550    0.0007083550
  0.0007083550    0.0007083550    0.0007083550    0.0007083550    0.0007083550
  0.0007083550    0.0007083550    0.0007083550    0.0007083550    0.0007083550
  0.0007083550    0.0007083550    0.0007083550    0.0007083550    0.0007083550
  0.0007083550    0.0007083550    0.0007083550    0.0007083550    0.0007083550
  0.0007083550    0.0007083550    0.0007083550    0.0007083550    0.0007083550
  0.0007083550    0.0007083550    0.0007083550    0.0007083550    0.0007083550
  0.0007083550    0.0007083550    0.0007083550    0.0007083550    0.0007083550
  0.0007083550    0.0007083550    0.0007083550    0.0007083550    0.0007083550
  0.0007083550    0.0007083550    0.0007083550    0.0007083550    0.0007083550
  0.0007083550    0.0007083550    0.0007083550    0.0007083550    0.0007083550
  0.0007083550    0.0007083550    0.0007083550    0.0007083550    0.0007083550
  0.0007083550    0.0007083550    0.0007083550    0.0007083550    0.0007083550
  0.0007083550    0.0007083550    0.0007083550    0.0007083550    0.0007083550
  0.0007083550    0.0007083550    0.0007083550    0.0007083550    0.0007083550
  0.0007083550    0.0007083550    0.0007083550    0.0007083550    0.0007083550
  0.0007083550    0.0007083550    0.0007083550    0.0007083550    0.0007083550
  0.0007083550    0.0007083550    0.0007083550    0.0007083550    0.0007083550
  0.0007083550    0.0007083550    0.0007083550    0.0007083550    0.0007083550
  0.0007083550    0.0007083550    0.0007083550    0.0007083550    0.0007083550
  0.0007083550    0.0007083550    0.0007083550    0.0007083550    0.0007083550
  0.0007083550    0.0007083550    0.0007083550    0.0007083550    0.0007083550
  0.0007083550    0.0007083550    0.0007083550    0.0007083550    0.0007083550
  0.0007083550    0.0007083550    0.0007083550    0.0007083550    0.0007083550
  0.0007083550    0.0007083550    0.0007083550    0.0007083550    0.0007083550
  0.0007083550    0.0007083550    0.0007083550    0.0007083550    0.0007083550
  0.0007083550    0.0007083550    0.0007083550    0.0007083550    0.0007083550
  0.0007083550    0.0007083550    0.0007083550    0.0007083550    0.0007083550
  0.0007083550    0.0007083550    0.0007083550    0.0007083550    0.0007083550
  0.0007083550    0.0007083550    0.0007083550    0.0007083550    0.0007083550
  0.0007083550    0.0007083550    0.0007083550    0.0007083550    0.0007083550
  0.0007083550    0.0007083550    0.0007083550    0.0007083550    0.0007083550
  0.0007083550    0.0007083550    0.0007083550    0.0007083550    0.0007083550
  0.0000103609    0.0000111368    0.0000132273    0.0000161038    0.0000194716
  0.0000231206    0.0000269255    0.0000308286    0.0000348131    0.0000388686
  0.0000429581    0.0000470781    0.0000512455    0.0000554264    0.0000596447
  0.0000638561    0.0000681048    0.0000723468    0.0000766362    0.0000809018
  0.0000852386    0.0000895415    0.0000938682    0.0000982287    0.0001025655
  0.0001069532    0.0001113442    0.0001157115    0.0001201364    0.0001245816
  0.0001290065    0.0001334653    0.0001379308    0.0001424269    0.0001469128
  0.0001513953    0.0001559117    0.0001604551    0.0001650190    0.0001695743
  0.0001741364    0.0001787273    0.0001833267    0.0001879498    0.0001925882
  0.0001972282    0.0002018988    0.0002065608    0.0002112636    0.0002159714
  0.0002206910    0.0002254293    0.0002301846    0.0002349500    0.0002397476
  0.0002445486    0.0002493784    0.0002542183    0.0002590786    0.0002639389
  0.0002688398    0.0002737509    0.0002786738    0.0002836205    0.0002885858
  0.0002935630    0.0002985706    0.0003035868    0.0003086385    0.0003137020
  0.0003187893    0.0003239003    0.0003290215    0.0003341681    0.0003393417
  0.0003445222    0.0003497467    0.0003549796    0.0003602380    0.0003655354
  0.0003708412    0.0003761741    0.0003815257    0.0003869009    0.0003923186
  0.0003977514    0.0004032199    0.0004087188    0.0004142228    0.0004197658
  0.0004253410    0.0004309450    0.0004365828    0.0004422342    0.0004479347
  0.0004536590    0.0004593934    0.0004651939    0.0004710130    0.0004768694
  0.0004827664    0.0004886855    0.0004946486    0.0005006422    0.0005066748
  0.0005127463    0.0005188382    0.0005250012    0.0005311947    0.0005374204
  0.0005436969    0.0005500090    0.0005563702    0.0005627772    0.0005692265
  0.0005757198    0.0005822674    0.0005888692    0.0005955031    0.0006022032
  0.0006089557    0.0006157625    0.0006226234    0.0006295352    0.0006365080
  0.0006435502    0.0006506484    0.0006578109    0.0006650327    0.0006723205
  0.0006796762    0.0006871114    0.0006945958    0.0007021869    0.0007098509
  0.0007175792    0.0007253804    0.0007332764    0.0007412639    0.0007477370
  0.0007477285    0.0007477285    0.0007477285    0.0007477285    0.0007477285
  0.0007477285    0.0007477285    0.0007477285    0.0007477285    0.0007477285
  0.0007477285    0.0007477285    0.0007477285    0.0007477285    0.0007477285
  0.0007477285    0.0007477285    0.0007477285    0.0007477285    0.0007477285
  0.0007477285    0.0007477285    0.0007477285    0.0007477285    0.0007477285
  0.0007477285    0.0007477285    0.0007477285    0.0007477285    0.0007477285
  0.0007477285    0.0007477285    0.0007477285    0.0007477285    0.0007477285
  0.0007477285    0.0007477285    0.0007477285    0.0007477285    0.0007477285
  0.0007477285    0.0007477285    0.0007477285    0.0007477285    0.0007477285
  0.0007477285    0.0007477285    0.0007477285    0.0007477285    0.0007477285
  0.0007477285    0.0007477285    0.0007477285    0.0007477285    0.0007477285
  0.0007477285    0.0007477285    0.0007477285    0.0007477285    0.0007477285
  0.0007477285    0.0007477285    0.0007477285    0.0007477285    0.0007477285
  0.0007477285    0.0007477285    0.0007477285    0.0007477285    0.0007477285
  0.0007477285    0.0007477285    0.0007477285    0.0007477285    0.0007477285
  0.0007477285    0.0007477285    0.0007477285    0.0007477285    0.0007477285
  0.0007477285    0.0007477285    0.0007477285    0.0007477285    0.0007477285
  0.0007477285    0.0007477285    0.0007477285    0.0007477285    0.0007477285
  0.0007477285    0.0007477285    0.0007477285    0.0007477285    0.0007477285
  0.0007477285    0.0007477285    0.0007477285    0.0007477285    0.0007477285
  0.0007477285    0.0007477285    0.0007477285    0.0007477285    0.0007477285
  0.0007477285    0.0007477285    0.0007477285    0.0007477285    0.0007477285
  0.0007477285    0.0007477285    0.0007477285    0.0007477285    0.0007477285
  0.0007477285    0.0007477285    0.0007477285    0.0007477285    0.0007477285
  0.0007477285    0.0007477285    0.0007477285    0.0007477285    0.0007477285
  0.0007477285    0.0007477285    0.0007477285    0.0007477285    0.0007477285
  0.0007477285    0.0007477285    0.0007477285    0.0007477285    0.0007477285
  0.0007477285    0.0007477285    0.0007477285    0.0007477285    0.0007477285
  0.0007477285    0.0007477285    0.0007477285    0.0007477285    0.0007477285
  0.0007477285    0.0007477285    0.0007477285    0.0007477285    0.0007477285
  0.0007477285    0.0007477285    0.0007477285    0.0007477285    0.0007477285
  0.0007477285    0.0007477285    0.0007477285    0.0007477285    0.0007477285
  0.0000117128    0.0000123836    0.0000142369    0.0000169000    0.0000200645
  0.0000235272    0.0000271898    0.0000309845    0.0000348605    0.0000388246
  0.0000428192    0.0000468680    0.0000509473    0.0000550639    0.0000591974
  0.0000633377    0.0000675221    0.0000717064    0.0000759111    0.0000801395
  0.0000843780    0.0000886505    0.0000928992    0.0000971886    0.0001014813
  0.0001057876    0.0001101109    0.0001144342    0.0001187777    0.0001231349
  0.0001275090    0.0001318796    0.0001362978    0.0001406854    0.0001451272
  0.0001495352    0.0001539872    0.0001584358    0.0001629217    0.0001673907
  0.0001718969    0.0001764099    0.0001809364    0.0001854765    0.0001900369
  0.0001945838    0.0001991747    0.0002037521    0.0002083599    0.0002129847
  0.0002176197    0.0002222682    0.0002269167    0.0002315957    0.0002362832
  0.0002409944    0.0002457243    0.0002504626    0.0002552127    0.0002599747
  0.0002647673    0.0002695733    0.0002743895    0.0002792159    0.0002840779
  0.0002889399    0.0002938273    0.0002987214    0.0003036478    0.0003085826
  0.0003135462    0.0003185200    0.0003235192    0.0003285302    0.0003335582
  0.0003386184    0.0003436819    0.0003487811    0.0003538988    0.0003590302
  0.0003641784    0.0003693623    0.0003745444    0.0003797740    0.0003850171
  0.0003902823    0.0003955695    0.0004008736    0.0004062184    0.0004115818
  0.0004169554    0.0004223679    0.0004277974    0.0004332607    0.0004387427
  0.0004442620    0.0004497999    0.0004553683    0.0004609486    0.0004665932
  0.0004722378    0.0004779265    0.0004836507    0.0004893868    0.0004951619
  0.0005009641    0.0005068154    0.0005126853    0.0005185891    0.0005245235
  0.0005305035    0.0005365191    0.0005425602    0.0005486436    0.0005547744
  0.0005609289    0.0005671275    0.0005733702    0.0005796450    0.0005859808
  0.0005923335    0.0005987591    0.0006052050    0.0006117018    0.0006182544
  0.0006248477    0.0006314834    0.0006381800    0.0006449190    0.0006517122
  0.0006585630    0.0006654731    0.0006724408    0.0006794475    0.0006865338
  0.0006936624    0.0007008605    0.0007081348    0.0007154481    0.0007228444
  0.0007303084    0.0007378385    0.0007454568    0.0007531122    0.0007608728
  0.0007687231    0.0007766293    0.0007846286    0.0007867445    0.0007867344
  0.0007867344    0.0007867344    0.0007867344    0.0007867344    0.0007867344
  0.0007867344    0.0007867344    0.0007867344    0.0007867344    0.0007867344
  0.0007867344    0.0007867344    0.0007867344    0.0007867344    0.0007867344
  0.0007867344    0.0007867344    0.0007867344    0.0007867344    0.0007867344
  0.0007867344    0.0007867344    0.0007867344    0.0007867344    0.0007867344
  0.0007867344    0.0007867344    0.0007867344    0.0007867344    0.0007867344
  0.0007867344    0.0007867344    0.0007867344    0.0007867344    0.0007867344
  0.0007867344    0.0007867344    0.0007867344    0.0007867344    0.0007867344
  0.0007867344    0.0007867344    0.0007867344    0.0007867344    0.0007867344
  0.0007867344    0.0007867344    0.0007867344    0.0007867344    0.0007867344
  0.0007867344    0.0007867344    0.0007867344    0.0007867344    0.0007867344
  0.0007867344    0.0007867344    0.0007867344    0.0007867344    0.0007867344
  0.0007867344    0.0007867344    0.0007867344    0.0007867344    0.0007867344
  0.0007867344    0.0007867344    0.0007867344    0.0007867344    0.0007867344
  0.0007867344    0.0007867344    0.0007867344    0.0007867344    0.0007867344
  0.0007867344    0.0007867344    0.0007867344    0.0007867344    0.0007867344
  0.0007867344    0.0007867344    0.0007867344    0.0007867344    0.0007867344
  0.0007867344    0.0007867344    0.0007867344    0.0007867344    0.0007867344
  0.0007867344    0.0007867344    0.0007867344    0.0007867344    0.0007867344
  0.0007867344    0.0007867344    0.0007867344    0.0007867344    0.0007867344
  0.0007867344    0.0007867344    0.0007867344    0.0007867344    0.0007867344
  0.0007867344    0.0007867344    0.0007867344    0.0007867344    0.0007867344
  0.0007867344    0.0007867344    0.0007867344    0.0007867344    0.0007867344
  0.0007867344    0.0007867344    0.0007867344    0.0007867344    0.0007867344
  0.0007867344    0.0007867344    0.0007867344    0.0007867344    0.0007867344
  0.0007867344    0.0007867344    0.0007867344    0.0007867344    0.0007867344
  0.0007867344    0.0007867344    0.0007867344    0.0007867344    0.0007867344
  0.0007867344    0.0007867344    0.0007867344    0.0007867344    0.0007867344
  0.0007867344    0.0007867344    0.0007867344    0.0007867344    0.0007867344
  0.0007867344    0.0007867344    0.0007867344    0.0007867344    0.0007867344
  0.0000131121    0.0000137118    0.0000153584    0.0000178182    0.0000207625
  0.0000240523    0.0000275828    0.0000312521    0.0000350367    0.0000388788
  0.0000427921    0.0000467461    0.0000507440    0.0000547725    0.0000588518
  0.0000629278    0.0000670342    0.0000711677    0.0000753046    0.0000794686
  0.0000836428    0.0000878204    0.0000920318    0.0000962568    0.0001004988
  0.0001047305    0.0001089860    0.0001132483    0.0001175309    0.0001218304
  0.0001261469    0.0001304634    0.0001347968    0.0001391235    0.0001434806
  0.0001478716    0.0001522389    0.0001566401    0.0001610277    0.0001654425
  0.0001698572    0.0001743160    0.0001787477    0.0001832132    0.0001876991
  0.0001921782    0.0001966844    0.0002011907    0.0002057138    0.0002102539
  0.0002148076    0.0002193714    0.0002239487    0.0002285566    0.0002331577
  0.0002377757    0.0002424073    0.0002470490    0.0002517111    0.0002563833
  0.0002610793    0.0002657922    0.0002705118    0.0002752518    0.0002799986
  0.0002847589    0.0002895362    0.0002943372    0.0002991517    0.0003039832
  0.0003088248    0.0003136919    0.0003185708    0.0003234616    0.0003283743
  0.0003333092    0.0003382507    0.0003432279    0.0003482068    0.0003532127
  0.0003582340    0.0003632721    0.0003683424    0.0003734162    0.0003785051
  0.0003836263    0.0003887729    0.0003939296    0.0003991050    0.0004043176
  0.0004095472    0.0004147802    0.0004200487    0.0004253495    0.0004306485
  0.0004359950    0.0004413533    0.0004467252    0.0004521513    0.0004575757
  0.0004630339    0.0004685126    0.0004740250    0.0004795663    0.0004851246
  0.0004907116    0.0004963376    0.0005019839    0.0005076472    0.0005133562
  0.0005190957    0.0005248606    0.0005306441    0.0005364734    0.0005423247
  0.0005482116    0.0005541408    0.0005600870    0.0005660772    0.0005721013
  0.0005781694    0.0005842681    0.0005904023    0.0005965687    0.0006027707
  0.0006090269    0.0006153203    0.0006216460    0.0006280139    0.0006344328
  0.0006408888    0.0006473856    0.0006539332    0.0006605146    0.0006671689
  0.0006738452    0.0006805927    0.0006873723    0.0006942130    0.0007010993
  0.0007080416    0.0007150398    0.0007221007    0.0007292090    0.0007363850
  0.0007436221    0.0007509150    0.0007582741    0.0007657076    0.0007731886
  0.0007807628    0.0007883776    0.0007960958    0.0008038732    0.0008117184
  0.0008196602    0.0008254065    0.0008254082    0.0008254082    0.0008254082
  0.0008254082    0.0008254082    0.0008254082    0.0008254082    0.0008254082
  0.0008254082    0.0008254082    0.0008254082    0.0008254082    0.0008254082
  0.0008254082    0.0008254082    0.0008254082    0.0008254082    0.0008254082
  0.0008254082    0.0008254082    0.0008254082    0.0008254082    0.0008254082
  0.0008254082    0.0008254082    0.0008254082    0.0008254082    0.0008254082
  0.0008254082    0.0008254082    0.0008254082    0.0008254082    0.0008254082
  0.0008254082    0.0008254082    0.0008254082    0.0008254082    0.0008254082
  0.0008254082    0.0008254082    0.0008254082    0.0008254082    0.0008254082
  0.0008254082    0.0008254082    0.0008254082    0.0008254082    0.0008254082
  0.0008254082    0.0008254082    0.0008254082    0.0008254082    0.0008254082
  0.0008254082    0.0008254082    0.0008254082    0.0008254082    0.0008254082
  0.0008254082    0.0008254082    0.0008254082    0.0008254082    0.0008254082
  0.0008254082    0.0008254082    0.0008254082    0.0008254082    0.0008254082
  0.0008254082    0.0008254082    0.0008254082    0.0008254082    0.0008254082
  0.0008254082    0.0008254082    0.0008254082    0.0008254082    0.0008254082
  0.0008254082    0.0008254082    0.0008254082    0.0008254082    0.0008254082
  0.0008254082    0.0008254082    0.0008254082    0.0008254082    0.0008254082
  0.0008254082    0.0008254082    0.0008254082    0.0008254082    0.0008254082
  0.0008254082    0.0008254082    0.0008254082    0.0008254082    0.0008254082
  0.0008254082    0.0008254082    0.0008254082    0.0008254082    0.0008254082
  0.0008254082    0.0008254082    0.0008254082    0.0008254082    0.0008254082
  0.0008254082    0.0008254082    0.0008254082    0.0008254082    0.0008254082
  0.0008254082    0.0008254082    0.0008254082    0.0008254082    0.0008254082
  0.0008254082    0.0008254082    0.0008254082    0.0008254082    0.0008254082
  0.0008254082    0.0008254082    0.0008254082    0.0008254082    0.0008254082
  0.0008254082    0.0008254082    0.0008254082    0.0008254082    0.0008254082
  0.0008254082    0.0008254082    0.0008254082    0.0008254082    0.0008254082
  0.0008254082    0.0008254082    0.0008254082    0.0008254082    0.0008254082
  0.0000145825    0.0000151043    0.0000165951    0.0000188550    0.0000216129
  0.0000247266    0.0000281012    0.0000316147    0.0000352806    0.0000390381
  0.0000428497    0.0000467223    0.0000506560    0.0000546031    0.0000585977
  0.0000626195    0.0000666479    0.0000707069    0.0000748133    0.0000788791
  0.0000830160    0.0000871190    0.0000912729    0.0000954471    0.0000996111
  0.0001038022    0.0001079933    0.0001122081    0.0001164196    0.0001206717
  0.0001249069    0.0001291624    0.0001334280    0.0001377208    0.0001420135
  0.0001462928    0.0001506194    0.0001549630    0.0001592829    0.0001636264
  0.0001680039    0.0001723610    0.0001767521    0.0001811499    0.0001855375
  0.0001899793    0.0001944042    0.0001988630    0.0002032845    0.0002077738
  0.0002122427    0.0002167591    0.0002212348    0.0002257648    0.0002302778
  0.0002348314    0.0002393749    0.0002439421    0.0002485296    0.0002531205
  0.0002577149    0.0002623363    0.0002669780    0.0002716197    0.0002762818
  0.0002809371    0.0002856398    0.0002903527    0.0002950656    0.0002998022
  0.0003045558    0.0003093127    0.0003140866    0.0003188808    0.0003236886
  0.0003285031    0.0003333617    0.0003382067    0.0003430754    0.0003479781
  0.0003528875    0.0003578037    0.0003627436    0.0003677004    0.0003726572
  0.0003776598    0.0003826658    0.0003876988    0.0003927421    0.0003978158
  0.0004028946    0.0004080056    0.0004131335    0.0004182683    0.0004234385
  0.0004286207    0.0004338299    0.0004390595    0.0004443061    0.0004495712
  0.0004548635    0.0004601710    0.0004655158    0.0004708571    0.0004762527
  0.0004816585    0.0004870846    0.0004925480    0.0004980350    0.0005035323
  0.0005090685    0.0005146166    0.0005201968    0.0005258211    0.0005314454
  0.0005371138    0.0005428177    0.0005485301    0.0005542763    0.0005600616
  0.0005658621    0.0005717066    0.0005775901    0.0005834786    0.0005894214
  0.0005953879    0.0006014002    0.0006074344    0.0006135094    0.0006196165
  0.0006257456    0.0006319289    0.0006381445    0.0006444006    0.0006507043
  0.0006570367    0.0006634047    0.0006698116    0.0006762660    0.0006827746
  0.0006893171    0.0006959036    0.0007025410    0.0007092393    0.0007159546
  0.0007227241    0.0007295613    0.0007364325    0.0007433629    0.0007503357
  0.0007573931    0.0007644693    0.0007716267    0.0007788383    0.0007860889
  0.0007934225    0.0008008171    0.0008082693    0.0008157808    0.0008233787
  0.0008310359    0.0008387591    0.0008465637    0.0008544259    0.0008623795
  0.0008637500    0.0008637398    0.0008637398    0.0008637398    0.0008637398
  0.0008637398    0.0008637398    0.0008637398    0.0008637398    0.0008637398
  0.0008637398    0.0008637398    0.0008637398    0.0008637398    0.0008637398
  0.0008637398    0.0008637398    0.0008637398    0.0008637398    0.0008637398
  0.0008637398    0.0008637398    0.0008637398    0.0008637398    0.0008637398
  0.0008637398    0.0008637398    0.0008637398    0.0008637398    0.0008637398
  0.0008637398    0.0008637398    0.0008637398    0.0008637398    0.0008637398
  0.0008637398    0.0008637398    0.0008637398    0.0008637398    0.0008637398
  0.0008637398    0.0008637398    0.0008637398    0.0008637398    0.0008637398
  0.0008637398    0.0008637398    0.0008637398    0.0008637398    0.0008637398
  0.0008637398    0.0008637398    0.0008637398    0.0008637398    0.0008637398
  0.0008637398    0.0008637398    0.0008637398    0.0008637398    0.0008637398
  0.0008637398    0.0008637398    0.0008637398    0.0008637398    0.0008637398
  0.0008637398    0.0008637398    0.0008637398    0.0008637398    0.0008637398
  0.0008637398    0.0008637398    0.0008637398    0.0008637398    0.0008637398
  0.0008637398    0.0008637398    0.0008637398    0.0008637398    0.0008637398
  0.0008637398    0.0008637398    0.0008637398    0.0008637398    0.0008637398
  0.0008637398    0.0008637398    0.0008637398    0.0008637398    0.0008637398
  0.0008637398    0.0008637398    0.0008637398    0.0008637398    0.0008637398
  0.0008637398    0.0008637398    0.0008637398    0.0008637398    0.0008637398
  0.0008637398    0.0008637398    0.0008637398    0.0008637398    0.0008637398
  0.0008637398    0.0008637398    0.0008637398    0.0008637398    0.0008637398
  0.0008637398    0.0008637398    0.0008637398    0.0008637398    0.0008637398
  0.0008637398    0.0008637398    0.0008637398    0.0008637398    0.0008637398
  0.0008637398    0.0008637398    0.0008637398    0.0008637398    0.0008637398
  0.0008637398    0.0008637398    0.0008637398    0.0008637398    0.0008637398
  0.0008637398    0.0008637398    0.0008637398    0.0008637398    0.0008637398
  0.0000161377    0.0000165917    0.0000179435    0.0000199832    0.0000225785
  0.0000255092    0.0000287178    0.0000321093    0.0000356669    0.0000392956
  0.0000430293    0.0000467969    0.0000506458    0.0000545421    0.0000584317
  0.0000623755    0.0000663701    0.0000703613    0.0000743729    0.0000784048
  0.0000824637    0.0000865431    0.0000906190    0.0000947017    0.0000988250
  0.0001029653    0.0001071022    0.0001112629    0.0001154065    0.0001195875
  0.0001237888    0.0001279935    0.0001321913    0.0001364265    0.0001406617
  0.0001449036    0.0001491489    0.0001534282    0.0001577141    0.0001619900
  0.0001662861    0.0001706128    0.0001749191    0.0001792593    0.0001836096
  0.0001879600    0.0001923239    0.0001966912    0.0002010788    0.0002055037
  0.0002098982    0.0002143163    0.0002187513    0.0002231966    0.0002276587
  0.0002321175    0.0002366034    0.0002410859    0.0002455989    0.0002501119
  0.0002546588    0.0002591853    0.0002637356    0.0002683028    0.0002728835
  0.0002774846    0.0002820857    0.0002867105    0.0002913251    0.0002959804
  0.0003006357    0.0003053283    0.0003099903    0.0003147032    0.0003193992
  0.0003241256    0.0003288860    0.0003336531    0.0003384235    0.0003432076
  0.0003480120    0.0003528299    0.0003576614    0.0003625199    0.0003673684
  0.0003722507    0.0003771397    0.0003820593    0.0003869992    0.0003919526
  0.0003969129    0.0004018900    0.0004068774    0.0004118918    0.0004169469
  0.0004219952    0.0004270638    0.0004321494    0.0004372587    0.0004423867
  0.0004475451    0.0004527069    0.0004578958    0.0004631051    0.0004683432
  0.0004735795    0.0004788514    0.0004841471    0.0004894732    0.0004947926
  0.0005001526    0.0005055381    0.0005109455    0.0005163750    0.0005218146
  0.0005272882    0.0005327973    0.0005383182    0.0005438663    0.0005494381
  0.0005550539    0.0005606714    0.0005663279    0.0005720166    0.0005777222
  0.0005834651    0.0005892266    0.0005950305    0.0006008513    0.0006067009
  0.0006125912    0.0006185136    0.0006244564    0.0006304466    0.0006364453
  0.0006424965    0.0006485731    0.0006546938    0.0006608534    0.0006670368
  0.0006732472    0.0006795119    0.0006858138    0.0006921428    0.0006985311
  0.0007049415    0.0007114094    0.0007178977    0.0007244368    0.0007310233
  0.0007376454    0.0007443336    0.0007510421    0.0007578234    0.0007646268
  0.0007714895    0.0007784131    0.0007853757    0.0007923993    0.0007994619
  0.0008065922    0.0008137666    0.0008210104    0.0008283000    0.0008356641
  0.0008430756    0.0008505600    0.0008581020    0.0008657185    0.0008733943
  0.0008811430    0.0008889645    0.0008968368    0.0009017818    0.0009017767
  0.0009017767    0.0009017767    0.0009017767    0.0009017767    0.0009017767
  0.0009017767    0.0009017767    0.0009017767    0.0009017767    0.0009017767
  0.0009017767    0.0009017767    0.0009017767    0.0009017767    0.0009017767
  0.0009017767    0.0009017767    0.0009017767    0.0009017767    0.0009017767
  0.0009017767    0.0009017767    0.0009017767    0.0009017767    0.0009017767
  0.0009017767    0.0009017767    0.0009017767    0.0009017767    0.0009017767
  0.0009017767    0.0009017767    0.0009017767    0.0009017767    0.0009017767
  0.0009017767    0.0009017767    0.0009017767    0.0009017767    0.0009017767
  0.0009017767    0.0009017767    0.0009017767    0.0009017767    0.0009017767
  0.0009017767    0.0009017767    0.0009017767    0.0009017767    0.0009017767
  0.0009017767    0.0009017767    0.0009017767    0.0009017767    0.0009017767
  0.0009017767    0.0009017767    0.0009017767    0.0009017767    0.0009017767
  0.0009017767    0.0009017767    0.0009017767    0.0009017767    0.0009017767
  0.0009017767    0.0009017767    0.0009017767    0.0009017767    0.0009017767
  0.0009017767    0.0009017767    0.0009017767    0.0009017767    0.0009017767
  0.0009017767    0.0009017767    0.0009017767    0.0009017767    0.0009017767
  0.0009017767    0.0009017767    0.0009017767    0.0009017767    0.0009017767
  0.0009017767    0.0009017767    0.0009017767    0.0009017767    0.0009017767
  0.0009017767    0.0009017767    0.0009017767    0.0009017767    0.0009017767
  0.0009017767    0.0009017767    0.0009017767    0.0009017767    0.0009017767
  0.0009017767    0.0009017767    0.0009017767    0.0009017767    0.0009017767
  0.0009017767    0.0009017767    0.0009017767    0.0009017767    0.0009017767
  0.0009017767    0.0009017767    0.0009017767    0.0009017767    0.0009017767
  0.0009017767    0.0009017767    0.0009017767    0.0009017767    0.0009017767
  0.0009017767    0.0009017767    0.0009017767    0.0009017767    0.0009017767
  0.0000177335    0.0000181502    0.0000193564    0.0000212436    0.0000236458
  0.0000264139    0.0000294666    0.0000327192    0.0000361446    0.0000396818
  0.0000432969    0.0000469968    0.0000507305    0.0000545286    0.0000583707
  0.0000622501    0.0000661533    0.0000700767    0.0000740408    0.0000780050
  0.0000820165    0.0000860179    0.0000900532    0.0000940884    0.0000981677
  0.0001022199    0.0001063162    0.0001104158    0.0001145256    0.0001186354
  0.0001227825    0.0001269126    0.0001310767    0.0001352508    0.0001394352
  0.0001436026    0.0001478276    0.0001520221    0.0001562437    0.0001604890
  0.0001647140    0.0001689763    0.0001732453    0.0001775144    0.0001818038
  0.0001860898    0.0001904130    0.0001947125    0.0001990358    0.0002033929
  0.0002077297    0.0002120835    0.0002164576    0.0002208452    0.0002252227
  0.0002296510    0.0002340589    0.0002384601    0.0002429121    0.0002473573
  0.0002518161    0.0002562885    0.0002607743    0.0002652704    0.0002697800
  0.0002742930    0.0002788026    0.0002833732    0.0002878896    0.0002924805
  0.0002970409    0.0003016454    0.0003062600    0.0003108882    0.0003154994
  0.0003201581    0.0003248134    0.0003294721    0.0003341545    0.0003388471
  0.0003435633    0.0003482898    0.0003530162    0.0003577698    0.0003625437
  0.0003673345    0.0003721219    0.0003769398    0.0003817713    0.0003866062
  0.0003914546    0.0003963504    0.0004012361    0.0004061286    0.0004110651
  0.0004159880    0.0004209347    0.0004259187    0.0004309195    0.0004359035
  0.0004409213    0.0004459764    0.0004510349    0.0004560934    0.0004612128
  0.0004663154    0.0004714450    0.0004765848    0.0004817618    0.0004869626
  0.0004921736    0.0004973981    0.0005026463    0.0005079250    0.0005132088
  0.0005185214    0.0005238628    0.0005292194    0.0005345845    0.0005399886
  0.0005454164    0.0005508713    0.0005563431    0.0005618285    0.0005673427
  0.0005729043    0.0005784591    0.0005840495    0.0005896705    0.0005953185
  0.0006009800    0.0006066840    0.0006124065    0.0006181579    0.0006239516
  0.0006297504    0.0006355932    0.0006414581    0.0006473585    0.0006532945
  0.0006592373    0.0006652495    0.0006712601    0.0006773299    0.0006834133
  0.0006895390    0.0006956936    0.0007018854    0.0007081145    0.0007143944
  0.0007206743    0.0007270236    0.0007334035    0.0007398121    0.0007462716
  0.0007527751    0.0007593108    0.0007658889    0.0007725093    0.0007791822
  0.0007858975    0.0007926467    0.0007994432    0.0008063008    0.0008131974
  0.0008201447    0.0008271497    0.0008341953    0.0008412985    0.0008484627
  0.0008556744    0.0008629334    0.0008702620    0.0008776464    0.0008850918
  0.0008925881    0.0009001605    0.0009077957    0.0009154952    0.0009232557
  0.0009310806    0.0009390021    0.0009394985    0.0009394985    0.0009394985
  0.0009394985    0.0009394985    0.0009394985    0.0009394985    0.0009394985
  0.0009394985    0.0009394985    0.0009394985    0.0009394985    0.0009394985
  0.0009394985    0.0009394985    0.0009394985    0.0009394985    0.0009394985
  0.0009394985    0.0009394985    0.0009394985    0.0009394985    0.0009394985
  0.0009394985    0.0009394985    0.0009394985    0.0009394985    0.0009394985
  0.0009394985    0.0009394985    0.0009394985    0.0009394985    0.0009394985
  0.0009394985    0.0009394985    0.0009394985    0.0009394985    0.0009394985
  0.0009394985    0.0009394985    0.0009394985    0.0009394985    0.0009394985
  0.0009394985    0.0009394985    0.0009394985    0.0009394985    0.0009394985
  0.0009394985    0.0009394985    0.0009394985    0.0009394985    0.0009394985
  0.0009394985    0.0009394985    0.0009394985    0.0009394985    0.0009394985
  0.0009394985    0.0009394985    0.0009394985    0.0009394985    0.0009394985
  0.0009394985    0.0009394985    0.0009394985    0.0009394985    0.0009394985
  0.0009394985    0.0009394985    0.0009394985    0.0009394985    0.0009394985
  0.0009394985    0.0009394985    0.0009394985    0.0009394985    0.0009394985
  0.0009394985    0.0009394985    0.0009394985    0.0009394985    0.0009394985
  0.0009394985    0.0009394985    0.0009394985    0.0009394985    0.0009394985
  0.0009394985    0.0009394985    0.0009394985    0.0009394985    0.0009394985
  0.0009394985    0.0009394985    0.0009394985    0.0009394985    0.0009394985
  0.0009394985    0.0009394985    0.0009394985    0.0009394985    0.0009394985
  0.0009394985    0.0009394985    0.0009394985    0.0009394985    0.0009394985
  0.0009394985    0.0009394985    0.0009394985    0.0009394985    0.0009394985
  0.0009394985    0.0009394985    0.0009394985    0.0009394985    0.0009394985
  0.0000194004    0.0000197799    0.0000208709    0.0000225921    0.0000248181
  0.0000274235    0.0000303272    0.0000334442    0.0000367341    0.0000401392
  0.0000436527    0.0000472577    0.0000509236    0.0000546573    0.0000584080
  0.0000622230    0.0000660550    0.0000699073    0.0000738071    0.0000777034
  0.0000816438    0.0000856045    0.0000895585    0.0000935565    0.0000975680
  0.0001015965    0.0001056182    0.0001096637    0.0001137091    0.0001177918
  0.0001218711    0.0001259674    0.0001300636    0.0001341802    0.0001382900
  0.0001424438    0.0001466112    0.0001507380    0.0001549122    0.0001591067
  0.0001632978    0.0001674991    0.0001716970    0.0001759287    0.0001801334
  0.0001843957    0.0001886580    0.0001928931    0.0001971791    0.0002014448
  0.0002057477    0.0002100540    0.0002143569    0.0002186700    0.0002230170
  0.0002273470    0.0002317008    0.0002360681    0.0002404354    0.0002448129
  0.0002492106    0.0002536254    0.0002580164    0.0002624549    0.0002668798
  0.0002713453    0.0002758041    0.0002802696    0.0002847691    0.0002892651
  0.0002937612    0.0002982708    0.0003028177    0.0003073476    0.0003119148
  0.0003164854    0.0003210492    0.0003256469    0.0003302378    0.0003348491
  0.0003394671    0.0003441156    0.0003487743    0.0003534262    0.0003580984
  0.0003628283    0.0003675174    0.0003722439    0.0003769805    0.0003817137
  0.0003865045    0.0003912716    0.0003960489    0.0004008397    0.0004056746
  0.0004105060    0.0004153612    0.0004202130    0.0004251055    0.0004300014
  0.0004349040    0.0004398371    0.0004447906    0.0004497271    0.0004547178
  0.0004597085    0.0004647297    0.0004697645    0.0004747891    0.0004798543
  0.0004849467    0.0004900289    0.0004951484    0.0005002780    0.0005054381
  0.0005106220    0.0005157990    0.0005210167    0.0005262548    0.0005315132
  0.0005367749    0.0005420469    0.0005473662    0.0005527093    0.0005580490
  0.0005634226    0.0005688402    0.0005742511    0.0005797026    0.0005851558
  0.0005906412    0.0005961520    0.0006017034    0.0006072549    0.0006128402
  0.0006184560    0.0006240837    0.0006297554    0.0006354255    0.0006411514
  0.0006468858    0.0006526507    0.0006584411    0.0006642636    0.0006701115
  0.0006760001    0.0006819107    0.0006878399    0.0006938352    0.0006998186
  0.0007058461    0.0007119210    0.0007180112    0.0007241454    0.0007303050
  0.0007365087    0.0007427395    0.0007490092    0.0007553162    0.0007616554
  0.0007680420    0.0007744439    0.0007809051    0.0007873951    0.0007939494
  0.0008005207    0.0008071445    0.0008137869    0.0008204937    0.0008272344
  0.0008340259    0.0008408682    0.0008477495    0.0008546749    0.0008616663
  0.0008686984    0.0008757829    0.0008829116    0.0008900995    0.0008973348
  0.0009046329    0.0009119834    0.0009194017    0.0009268472    0.0009343841
  0.0009419769    0.0009496222    0.0009573420    0.0009651178    0.0009729749
  0.0009769356    0.0009769373    0.0009769373    0.0009769373    0.0009769373
  0.0009769373    0.0009769373    0.0009769373    0.0009769373    0.0009769373
  0.0009769373    0.0009769373    0.0009769373    0.0009769373    0.0009769373
  0.0009769373    0.0009769373    0.0009769373    0.0009769373    0.0009769373
  0.0009769373    0.0009769373    0.0009769373    0.0009769373    0.0009769373
  0.0009769373    0.0009769373    0.0009769373    0.0009769373    0.0009769373
  0.0009769373    0.0009769373    0.0009769373    0.0009769373    0.0009769373
  0.0009769373    0.0009769373    0.0009769373    0.0009769373    0.0009769373
  0.0009769373    0.0009769373    0.0009769373    0.0009769373    0.0009769373
  0.0009769373    0.0009769373    0.0009769373    0.0009769373    0.0009769373
  0.0009769373    0.0009769373    0.0009769373    0.0009769373    0.0009769373
  0.0009769373    0.0009769373    0.0009769373    0.0009769373    0.0009769373
  0.0009769373    0.0009769373    0.0009769373    0.0009769373    0.0009769373
  0.0009769373    0.0009769373    0.0009769373    0.0009769373    0.0009769373
  0.0009769373    0.0009769373    0.0009769373    0.0009769373    0.0009769373
  0.0009769373    0.0009769373    0.0009769373    0.0009769373    0.0009769373
  0.0009769373    0.0009769373    0.0009769373    0.0009769373    0.0009769373
  0.0009769373    0.0009769373    0.0009769373    0.0009769373    0.0009769373
  0.0009769373    0.0009769373    0.0009769373    0.0009769373    0.0009769373
  0.0009769373    0.0009769373    0.0009769373    0.0009769373    0.0009769373
  0.0009769373    0.0009769373    0.0009769373    0.0009769373    0.0009769373
  0.0009769373    0.0009769373    0.0009769373    0.0009769373    0.0009769373
  0.0000211216    0.0000214808    0.0000224667    0.0000240388    0.0000261157
  0.0000285586    0.0000313063    0.0000342845    0.0000374490    0.0000407423
  0.0000441406    0.0000476541    0.0000512218    0.0000548403    0.0000585334
  0.0000622603    0.0000660279    0.0000698226    0.0000736546    0.0000774934
  0.0000813728    0.0000852725    0.0000891858    0.0000931126    0.0000970530
  0.0001010375    0.0001050151    0.0001089996    0.0001130010    0.0001170261
  0.0001210512    0.0001251000    0.0001291420    0.0001332281    0.0001372939
  0.0001413935    0.0001454830    0.0001495759    0.0001537060    0.0001578260
  0.0001619866    0.0001661370    0.0001702773    0.0001744583    0.0001786020
  0.0001828168    0.0001869944    0.0001912160    0.0001954410    0.0001996660
  0.0002038910    0.0002081533    0.0002123850    0.0002166541    0.0002209367
  0.0002252125    0.0002295087    0.0002338048    0.0002381382    0.0002424412
  0.0002467915    0.0002511453    0.0002554922    0.0002598595    0.0002642302
  0.0002686213    0.0002730055    0.0002774168    0.0002818146    0.0002862565
  0.0002907085    0.0002951537    0.0002996362    0.0003040848    0.0003085639
  0.0003130634    0.0003175662    0.0003220927    0.0003266125    0.0003311526
  0.0003357063    0.0003402904    0.0003448508    0.0003494451    0.0003540462
  0.0003586439    0.0003632924    0.0003679037    0.0003725759    0.0003772346
  0.0003819034    0.0003866062    0.0003912852    0.0003960015    0.0004007415
  0.0004054713    0.0004102418    0.0004149953    0.0004197929    0.0004245939
  0.0004294050    0.0004342128    0.0004390511    0.0004439232    0.0004488055
  0.0004536912    0.0004585870    0.0004635235    0.0004684465    0.0004734203
  0.0004783432    0.0004833475    0.0004883450    0.0004933628    0.0004983942
  0.0005034290    0.0005084976    0.0005135933    0.0005186755    0.0005238086
  0.0005289246    0.0005340882    0.0005392686    0.0005444558    0.0005496600
  0.0005549014    0.0005601395    0.0005654216    0.0005707003    0.0005760163
  0.0005813526    0.0005866957    0.0005920726    0.0005974632    0.0006028909
  0.0006083153    0.0006137702    0.0006192556    0.0006247681    0.0006303043
  0.0006358473    0.0006414276    0.0006470180    0.0006526491    0.0006582903
  0.0006639773    0.0006696829    0.0006754037    0.0006811449    0.0006869319
  0.0006927374    0.0006985786    0.0007044434    0.0007103235    0.0007162494
  0.0007221837    0.0007281756    0.0007341827    0.0007402289    0.0007462902
  0.0007524092    0.0007585366    0.0007647081    0.0007709033    0.0007771493
  0.0007834208    0.0007897278    0.0007960738    0.0008024451    0.0008088538
  0.0008153251    0.0008218049    0.0008283423    0.0008349119    0.0008415120
  0.0008481578    0.0008548680    0.0008615917    0.0008683799    0.0008752171
  0.0008820899    0.0008889967    0.0008959627    0.0009029625    0.0009100251
  0.0009171419    0.0009243044    0.0009315109    0.0009387785    0.0009460935
  0.0009534745    0.0009609030    0.0009683840    0.0009759429    0.0009835543
  0.0009912234    0.0009989551    0.0010067529    0.0010140983    0.0010141085
  0.0010141085    0.0010141085    0.0010141085    0.0010141085    0.0010141085
  0.0010141085    0.0010141085    0.0010141085    0.0010141085    0.0010141085
  0.0010141085    0.0010141085    0.0010141085    0.0010141085    0.0010141085
  0.0010141085    0.0010141085    0.0010141085    0.0010141085    0.0010141085
  0.0010141085    0.0010141085    0.0010141085    0.0010141085    0.0010141085
  0.0010141085    0.0010141085    0.0010141085    0.0010141085    0.0010141085
  0.0010141085    0.0010141085    0.0010141085    0.0010141085    0.0010141085
  0.0010141085    0.0010141085    0.0010141085    0.0010141085    0.0010141085
  0.0010141085    0.0010141085    0.0010141085    0.0010141085    0.0010141085
  0.0010141085    0.0010141085    0.0010141085    0.0010141085    0.0010141085
  0.0010141085    0.0010141085    0.0010141085    0.0010141085    0.0010141085
  0.0010141085    0.0010141085    0.0010141085    0.0010141085    0.0010141085
  0.0010141085    0.0010141085    0.0010141085    0.0010141085    0.0010141085
  0.0010141085    0.0010141085    0.0010141085    0.0010141085    0.0010141085
  0.0010141085    0.0010141085    0.0010141085    0.0010141085    0.0010141085
  0.0010141085    0.0010141085    0.0010141085    0.0010141085    0.0010141085
  0.0010141085    0.0010141085    0.0010141085    0.0010141085    0.0010141085
  0.0010141085    0.0010141085    0.0010141085    0.0010141085    0.0010141085
  0.0010141085    0.0010141085    0.0010141085    0.0010141085    0.0010141085
  0.0010141085    0.0010141085    0.0010141085    0.0010141085    0.0010141085
  0.0000228970    0.0000232223    0.0000241337    0.0000256007    0.0000275150
  0.0000297918    0.0000324075    0.0000352467    0.0000382520    0.0000414301
  0.0000447437    0.0000481284    0.0000516182    0.0000551689    0.0000587536
  0.0000623891    0.0000660889    0.0000698091    0.0000735801    0.0000773782
  0.0000811932    0.0000850252    0.0000889080    0.0000927535    0.0000966532
  0.0001005801    0.0001044968    0.0001084405    0.0001123877    0.0001163586
  0.0001203566    0.0001243343    0.0001283289    0.0001323574    0.0001363892
  0.0001403974    0.0001444564    0.0001485188    0.0001525811    0.0001566469
  0.0001607431    0.0001648665    0.0001689831    0.0001730963    0.0001772027
  0.0001813633    0.0001854968    0.0001896710    0.0001938181    0.0001980092
  0.0002021732    0.0002063643    0.0002105758    0.0002147940    0.0002190122
  0.0002232372    0.0002274792    0.0002317380    0.0002360105    0.0002402829
  0.0002445554    0.0002488380    0.0002531409    0.0002574336    0.0002617637
  0.0002660903    0.0002704102    0.0002747639    0.0002791278    0.0002834985
  0.0002878760    0.0002922602    0.0002966614    0.0003010762    0.0003054909
  0.0003099158    0.0003143610    0.0003187893    0.0003232650    0.0003277408
  0.0003322436    0.0003367227    0.0003412289    0.0003457487    0.0003502685
  0.0003548323    0.0003593588    0.0003639260    0.0003684966    0.0003730841
  0.0003776581    0.0003822660    0.0003869179    0.0003915461    0.0003961912
  0.0004008431    0.0004055323    0.0004102079    0.0004148971    0.0004196201
  0.0004243500    0.0004290527    0.0004338062    0.0004386038    0.0004433608
  0.0004481584    0.0004529492    0.0004577705    0.0004626121    0.0004674639
  0.0004723090    0.0004772184    0.0004820939    0.0004869999    0.0004919229
  0.0004968628    0.0005018094    0.0005067934    0.0005117807    0.0005167748
  0.0005217858    0.0005268274    0.0005319028    0.0005369511    0.0005420469
  0.0005471426    0.0005522621    0.0005573782    0.0005625349    0.0005677154
  0.0005729060    0.0005781339    0.0005833516    0.0005885998    0.0005938785
  0.0005991606    0.0006044800    0.0006098061    0.0006151492    0.0006205194
  0.0006259031    0.0006313140    0.0006367553    0.0006421933    0.0006476820
  0.0006531607    0.0006586969    0.0006642263    0.0006698133    0.0006754037
  0.0006810145    0.0006866625    0.0006923105    0.0006979958    0.0007037319
  0.0007094511    0.0007152312    0.0007210148    0.0007268322    0.0007326835
  0.0007385551    0.0007444420    0.0007503865    0.0007563411    0.0007623313
  0.0007683554    0.0007743948    0.0007804663    0.0007865870    0.0007927246
  0.0007988927    0.0008051082    0.0008113441    0.0008176257    0.0008239242
  0.0008302736    0.0008366500    0.0008430536    0.0008495114    0.0008559962
  0.0008625235    0.0008690829    0.0008757016    0.0008823424    0.0008890136
  0.0008957560    0.0009025204    0.0009093424    0.0009162000    0.0009230982
  0.0009300303    0.0009370319    0.0009440657    0.0009511570    0.0009582975
  0.0009654956    0.0009727191    0.0009800053    0.0009873592    0.0009947521
  0.0010022128    0.0010097276    0.0010172883    0.0010249014    0.0010325975
  0.0010403496    0.0010481643    0.0010509951    0.0010510070    0.0010510070
  0.0010510070    0.0010510070    0.0010510070    0.0010510070    0.0010510070
  0.0010510070    0.0010510070    0.0010510070    0.0010510070    0.0010510070
  0.0010510070    0.0010510070    0.0010510070    0.0010510070    0.0010510070
  0.0010510070    0.0010510070    0.0010510070    0.0010510070    0.0010510070
  0.0010510070    0.0010510070    0.0010510070    0.0010510070    0.0010510070
  0.0010510070    0.0010510070    0.0010510070    0.0010510070    0.0010510070
  0.0010510070    0.0010510070    0.0010510070    0.0010510070    0.0010510070
  0.0010510070    0.0010510070    0.0010510070    0.0010510070    0.0010510070
  0.0010510070    0.0010510070    0.0010510070    0.0010510070    0.0010510070
  0.0010510070    0.0010510070    0.0010510070    0.0010510070    0.0010510070
  0.0010510070    0.0010510070    0.0010510070    0.0010510070    0.0010510070
  0.0010510070    0.0010510070    0.0010510070    0.0010510070    0.0010510070
  0.0010510070    0.0010510070    0.0010510070    0.0010510070    0.0010510070
  0.0010510070    0.0010510070    0.0010510070    0.0010510070    0.0010510070
  0.0010510070    0.0010510070    0.0010510070    0.0010510070    0.0010510070
  0.0010510070    0.0010510070    0.0010510070    0.0010510070    0.0010510070
  0.0010510070    0.0010510070    0.0010510070    0.0010510070    0.0010510070
  0.0010510070    0.0010510070    0.0010510070    0.0010510070    0.0010510070
