  0.0000000000    0.0150000000
  0.0002500000    0.0010000000    179    30
  0.0000228970    0.0000297918    0.0000447437    0.0000623891    0.0000811932
  0.0001005801    0.0001203566    0.0001403974    0.0001607431    0.0001813633
  0.0002021732    0.0002232372    0.0002445554    0.0002660903    0.0002878760
  0.0003099158    0.0003322436    0.0003548323    0.0003776581    0.0004008431
  0.0004243500    0.0004481584    0.0004723090    0.0004968628    0.0005217858
  0.0005471426    0.0005729060    0.0005991606    0.0006259031    0.0006531607
  0.0006810145    0.0007094511    0.0007385551    0.0007683554    0.0007988927
  0.0008302736    0.0008625235    0.0008957560    0.0009300303    0.0009654956
  0.0010022128    0.0010403496    0.0010509951    0.0010510070    0.0010510070
  0.0010510070    0.0010510070    0.0010510070    0.0010510070    0.0010510070
  0.0010510070    0.0010510070    0.0010510070    0.0010510070    0.0010510070
  0.0010510070    0.0010510070    0.0010510070    0.0010510070    0.0010510070
  0.0010510070    0.0010510070    0.0010510070    0.0010510070    0.0010510070
  0.0010510070    0.0010510070    0.0010510070    0.0010510070    0.0010510070
  0.0010510070    0.0010510070    0.0010510070    0.0010510070    0.0010510070
  0.0010510070    0.0010510070    0.0010510070    0.0010510070    0.0010510070
  0.0010510070    0.0010510070    0.0010510070    0.0010510070    0.0010510070
  0.0010510070    0.0010510070    0.0010510070    0.0010510070    0.0010510070
  0.0010510070    0.0010510070    0.0010510070    0.0010510070    0.0010510070
  0.0010510070    0.0010510070    0.0010510070    0.0010510070    0.0010510070
  0.0010510070    0.0010510070    0.0010510070    0.0010510070    0.0010510070
  0.0010510070    0.0010510070    0.0010510070    0.0010510070    0.0010510070
  0.0010510070    0.0010510070    0.0010510070    0.0010510070    0.0010510070
  0.0010510070    0.0010510070    0.0010510070    0.0010510070    0.0010510070
  0.0010510070    0.0010510070    0.0010510070    0.0010510070    0.0010510070
  0.0010510070    0.0010510070    0.0010510070    0.0010510070    0.0010510070
  0.0010510070    0.0010510070    0.0010510070    0.0010510070    0.0010510070
  0.0010510070    0.0010510070    0.0010510070    0.0010510070    0.0010510070
  0.0010510070    0.0010510070    0.0010510070    0.0010510070    0.0010510070
  0.0010510070    0.0010510070    0.0010510070    0.0010510070    0.0010510070
  0.0010510070    0.0010510070    0.0010510070    0.0010510070    0.0010510070
  0.0010510070    0.0010510070    0.0010510070    0.0010510070    0.0010510070
  0.0010510070    0.0010510070    0.0010510070    0.0010510070    0.0010510070
  0.0010510070    0.0010510070    0.0010510070    0.0010510070    0.0010510070
  0.0010510070    0.0010510070    0.0010510070    0.0010510070    0.0010510070
  0.0010510070    0.0010510070    0.0010510070    0.0010510070    0.0010510070
  0.0000260039    0.0000320924    0.0000459668    0.0000628905    0.0000810882
  0.0000999770    0.0001193402    0.0001390388    0.0001589745    0.0001791881
  0.0001996219    0.0002202760    0.0002411537    0.0002622617    0.0002835900
  0.0003051419    0.0003269479    0.0003489911    0.0003713121    0.0003938500
  0.0004167267    0.0004398608    0.0004633202    0.0004870643    0.0005111708
  0.0005356128    0.0005604614    0.0005856758    0.0006113274    0.0006373889
  0.0006639586    0.0006910095    0.0007185787    0.0007467341    0.0007754722
  0.0008048643    0.0008349644    0.0008658167    0.0008974704    0.0009300117
  0.0009634949    0.0009980200    0.0010336733    0.0010705853    0.0011088491
  0.0011119561    0.0011119713    0.0011119713    0.0011119713    0.0011119713
  0.0011119713    0.0011119713    0.0011119713    0.0011119713    0.0011119713
  0.0011119713    0.0011119713    0.0011119713    0.0011119713    0.0011119713
  0.0011119713    0.0011119713    0.0011119713    0.0011119713    0.0011119713
  0.0011119713    0.0011119713    0.0011119713    0.0011119713    0.0011119713
  0.0011119713    0.0011119713    0.0011119713    0.0011119713    0.0011119713
  0.0011119713    0.0011119713    0.0011119713    0.0011119713    0.0011119713
  0.0011119713    0.0011119713    0.0011119713    0.0011119713    0.0011119713
  0.0011119713    0.0011119713    0.0011119713    0.0011119713    0.0011119713
  0.0011119713    0.0011119713    0.0011119713    0.0011119713    0.0011119713
  0.0011119713    0.0011119713    0.0011119713    0.0011119713    0.0011119713
  0.0011119713    0.0011119713    0.0011119713    0.0011119713    0.0011119713
  0.0011119713    0.0011119713    0.0011119713    0.0011119713    0.0011119713
  0.0011119713    0.0011119713    0.0011119713    0.0011119713    0.0011119713
  0.0011119713    0.0011119713    0.0011119713    0.0011119713    0.0011119713
  0.0011119713    0.0011119713    0.0011119713    0.0011119713    0.0011119713
  0.0011119713    0.0011119713    0.0011119713    0.0011119713    0.0011119713
  0.0011119713    0.0011119713    0.0011119713    0.0011119713    0.0011119713
  0.0011119713    0.0011119713    0.0011119713    0.0011119713    0.0011119713
  0.0011119713    0.0011119713    0.0011119713    0.0011119713    0.0011119713
  0.0011119713    0.0011119713    0.0011119713    0.0011119713    0.0011119713
  0.0011119713    0.0011119713    0.0011119713    0.0011119713    0.0011119713
  0.0011119713    0.0011119713    0.0011119713    0.0011119713    0.0011119713
  0.0011119713    0.0011119713    0.0011119713    0.0011119713    0.0011119713
  0.0011119713    0.0011119713    0.0011119713    0.0011119713    0.0011119713
  0.0011119713    0.0011119713    0.0011119713    0.0011119713    0.0011119713
  0.0011119713    0.0011119713    0.0011119713    0.0011119713    0.0011119713
  0.0000292599    0.0000346369    0.0000474745    0.0000636325    0.0000812474
  0.0000996653    0.0001186049    0.0001378800    0.0001574668    0.0001773145
  0.0001973451    0.0002176502    0.0002381518    0.0002588329    0.0002797682
  0.0003008593    0.0003222351    0.0003437971    0.0003656065    0.0003876463
  0.0004099572    0.0004325154    0.0004553209    0.0004784550    0.0005018501
  0.0005255568    0.0005495889    0.0005739699    0.0005987066    0.0006237991
  0.0006493185    0.0006752242    0.0007015804    0.0007284416    0.0007557804
  0.0007836410    0.0008121013    0.0008411240    0.0008707905    0.0009011888
  0.0009323122    0.0009642454    0.0009970272    0.0010307646    0.0010655048
  0.0011013631    0.0011384411    0.0011722682    0.0011722631    0.0011722631
  0.0011722631    0.0011722631    0.0011722631    0.0011722631    0.0011722631
  0.0011722631    0.0011722631    0.0011722631    0.0011722631    0.0011722631
  0.0011722631    0.0011722631    0.0011722631    0.0011722631    0.0011722631
  0.0011722631    0.0011722631    0.0011722631    0.0011722631    0.0011722631
  0.0011722631    0.0011722631    0.0011722631    0.0011722631    0.0011722631
  0.0011722631    0.0011722631    0.0011722631    0.0011722631    0.0011722631
  0.0011722631    0.0011722631    0.0011722631    0.0011722631    0.0011722631
  0.0011722631    0.0011722631    0.0011722631    0.0011722631    0.0011722631
  0.0011722631    0.0011722631    0.0011722631    0.0011722631    0.0011722631
  0.0011722631    0.0011722631    0.0011722631    0.0011722631    0.0011722631
  0.0011722631    0.0011722631    0.0011722631    0.0011722631    0.0011722631
  0.0011722631    0.0011722631    0.0011722631    0.0011722631    0.0011722631
  0.0011722631    0.0011722631    0.0011722631    0.0011722631    0.0011722631
  0.0011722631    0.0011722631    0.0011722631    0.0011722631    0.0011722631
  0.0011722631    0.0011722631    0.0011722631    0.0011722631    0.0011722631
  0.0011722631    0.0011722631    0.0011722631    0.0011722631    0.0011722631
  0.0011722631    0.0011722631    0.0011722631    0.0011722631    0.0011722631
  0.0011722631    0.0011722631    0.0011722631    0.0011722631    0.0011722631
  0.0011722631    0.0011722631    0.0011722631    0.0011722631    0.0011722631
  0.0011722631    0.0011722631    0.0011722631    0.0011722631    0.0011722631
  0.0011722631    0.0011722631    0.0011722631    0.0011722631    0.0011722631
  0.0011722631    0.0011722631    0.0011722631    0.0011722631    0.0011722631
  0.0011722631    0.0011722631    0.0011722631    0.0011722631    0.0011722631
  0.0011722631    0.0011722631    0.0011722631    0.0011722631    0.0011722631
  0.0011722631    0.0011722631    0.0011722631    0.0011722631    0.0011722631
  0.0011722631    0.0011722631    0.0011722631    0.0011722631    0.0011722631
  0.0000326480    0.0000374524    0.0000493041    0.0000646456    0.0000816777
  0.0000995907    0.0001180730    0.0001369754    0.0001561929    0.0001756645
  0.0001953868    0.0002153158    0.0002354684    0.0002557972    0.0002763394
  0.0002970477    0.0003180202    0.0003391689    0.0003605243    0.0003821101
  0.0004039195    0.0004259525    0.0004482431    0.0004707809    0.0004935797
  0.0005166494    0.0005399869    0.0005636530    0.0005876308    0.0006119203
  0.0006365554    0.0006615395    0.0006869166    0.0007127003    0.0007388838
  0.0007655314    0.0007926602    0.0008202667    0.0008484221    0.0008771162
  0.0009064371    0.0009363949    0.0009670440    0.0009984350    0.0010306121
  0.0010636227    0.0010975955    0.0011325339    0.0011685870    0.0012057853
  0.0012319518    0.0012319603    0.0012319603    0.0012319603    0.0012319603
  0.0012319603    0.0012319603    0.0012319603    0.0012319603    0.0012319603
  0.0012319603    0.0012319603    0.0012319603    0.0012319603    0.0012319603
  0.0012319603    0.0012319603    0.0012319603    0.0012319603    0.0012319603
  0.0012319603    0.0012319603    0.0012319603    0.0012319603    0.0012319603
  0.0012319603    0.0012319603    0.0012319603    0.0012319603    0.0012319603
  0.0012319603    0.0012319603    0.0012319603    0.0012319603    0.0012319603
  0.0012319603    0.0012319603    0.0012319603    0.0012319603    0.0012319603
  0.0012319603    0.0012319603    0.0012319603    0.0012319603    0.0012319603
  0.0012319603    0.0012319603    0.0012319603    0.0012319603    0.0012319603
  0.0012319603    0.0012319603    0.0012319603    0.0012319603    0.0012319603
  0.0012319603    0.0012319603    0.0012319603    0.0012319603    0.0012319603
  0.0012319603    0.0012319603    0.0012319603    0.0012319603    0.0012319603
  0.0012319603    0.0012319603    0.0012319603    0.0012319603    0.0012319603
  0.0012319603    0.0012319603    0.0012319603    0.0012319603    0.0012319603
  0.0012319603    0.0012319603    0.0012319603    0.0012319603    0.0012319603
  0.0012319603    0.0012319603    0.0012319603    0.0012319603    0.0012319603
  0.0012319603    0.0012319603    0.0012319603    0.0012319603    0.0012319603
  0.0012319603    0.0012319603    0.0012319603    0.0012319603    0.0012319603
  0.0012319603    0.0012319603    0.0012319603    0.0012319603    0.0012319603
  0.0012319603    0.0012319603    0.0012319603    0.0012319603    0.0012319603
  0.0012319603    0.0012319603    0.0012319603    0.0012319603    0.0012319603
  0.0012319603    0.0012319603    0.0012319603    0.0012319603    0.0012319603
  0.0012319603    0.0012319603    0.0012319603    0.0012319603    0.0012319603
  0.0012319603    0.0012319603    0.0012319603    0.0012319603    0.0012319603
  0.0012319603    0.0012319603    0.0012319603    0.0012319603    0.0012319603
  0.0000362056    0.0000404882    0.0000513980    0.0000659466    0.0000823587
  0.0000997602    0.0001178155    0.0001363350    0.0001551798    0.0001743058
  0.0001936724    0.0002132693    0.0002330831    0.0002530697    0.0002732698
  0.0002936494    0.0003142255    0.0003349778    0.0003559402    0.0003770957
  0.0003984850    0.0004200741    0.0004418835    0.0004639030    0.0004861732
  0.0005086941    0.0005314522    0.0005545050    0.0005778120    0.0006013934
  0.0006252865    0.0006494913    0.0006740248    0.0006989309    0.0007241928
  0.0007497970    0.0007758415    0.0008023028    0.0008292215    0.0008566044
  0.0008844616    0.0009128745    0.0009418464    0.0009714248    0.0010016537
  0.0010325230    0.0010641546    0.0010965756    0.0011298301    0.0011639825
  0.0011991310    0.0012353535    0.0012726941    0.0012910442    0.0012910561
  0.0012910561    0.0012910561    0.0012910561    0.0012910561    0.0012910561
  0.0012910561    0.0012910561    0.0012910561    0.0012910561    0.0012910561
  0.0012910561    0.0012910561    0.0012910561    0.0012910561    0.0012910561
  0.0012910561    0.0012910561    0.0012910561    0.0012910561    0.0012910561
  0.0012910561    0.0012910561    0.0012910561    0.0012910561    0.0012910561
  0.0012910561    0.0012910561    0.0012910561    0.0012910561    0.0012910561
  0.0012910561    0.0012910561    0.0012910561    0.0012910561    0.0012910561
  0.0012910561    0.0012910561    0.0012910561    0.0012910561    0.0012910561
  0.0012910561    0.0012910561    0.0012910561    0.0012910561    0.0012910561
  0.0012910561    0.0012910561    0.0012910561    0.0012910561    0.0012910561
  0.0012910561    0.0012910561    0.0012910561    0.0012910561    0.0012910561
  0.0012910561    0.0012910561    0.0012910561    0.0012910561    0.0012910561
  0.0012910561    0.0012910561    0.0012910561    0.0012910561    0.0012910561
  0.0012910561    0.0012910561    0.0012910561    0.0012910561    0.0012910561
  0.0012910561    0.0012910561    0.0012910561    0.0012910561    0.0012910561
  0.0012910561    0.0012910561    0.0012910561    0.0012910561    0.0012910561
  0.0012910561    0.0012910561    0.0012910561    0.0012910561    0.0012910561
  0.0012910561    0.0012910561    0.0012910561    0.0012910561    0.0012910561
  0.0012910561    0.0012910561    0.0012910561    0.0012910561    0.0012910561
  0.0012910561    0.0012910561    0.0012910561    0.0012910561    0.0012910561
  0.0012910561    0.0012910561    0.0012910561    0.0012910561    0.0012910561
  0.0012910561    0.0012910561    0.0012910561    0.0012910561    0.0012910561
  0.0012910561    0.0012910561    0.0012910561    0.0012910561    0.0012910561
  0.0012910561    0.0012910561    0.0012910561    0.0012910561    0.0012910561
  0.0012910561    0.0012910561    0.0012910561    0.0012910561    0.0012910561
  0.0000398512    0.0000437205    0.0000538171    0.0000675322    0.0000832735
  0.0001001667    0.0001177579    0.0001358912    0.0001544175    0.0001732148
  0.0001922629    0.0002114940    0.0002309859    0.0002506472    0.0002704915
  0.0002905594    0.0003107832    0.0003312000    0.0003517999    0.0003726064
  0.0003935756    0.0004147310    0.0004361169    0.0004576892    0.0004794986
  0.0005015418    0.0005237815    0.0005462685    0.0005690062    0.0005920015
  0.0006152610    0.0006387747    0.0006626407    0.0006867743    0.0007111926
  0.0007359869    0.0007611336    0.0007866226    0.0008124842    0.0008387761
  0.0008654847    0.0008926406    0.0009202674    0.0009484025    0.0009770762
  0.0010062921    0.0010361043    0.0010665771    0.0010977005    0.0011295659
  0.0011621868    0.0011956683    0.0012300104    0.0012653249    0.0013016999
  0.0013391693    0.0013496149    0.0013496013    0.0013496013    0.0013496013
  0.0013496013    0.0013496013    0.0013496013    0.0013496013    0.0013496013
  0.0013496013    0.0013496013    0.0013496013    0.0013496013    0.0013496013
  0.0013496013    0.0013496013    0.0013496013    0.0013496013    0.0013496013
  0.0013496013    0.0013496013    0.0013496013    0.0013496013    0.0013496013
  0.0013496013    0.0013496013    0.0013496013    0.0013496013    0.0013496013
  0.0013496013    0.0013496013    0.0013496013    0.0013496013    0.0013496013
  0.0013496013    0.0013496013    0.0013496013    0.0013496013    0.0013496013
  0.0013496013    0.0013496013    0.0013496013    0.0013496013    0.0013496013
  0.0013496013    0.0013496013    0.0013496013    0.0013496013    0.0013496013
  0.0013496013    0.0013496013    0.0013496013    0.0013496013    0.0013496013
  0.0013496013    0.0013496013    0.0013496013    0.0013496013    0.0013496013
  0.0013496013    0.0013496013    0.0013496013    0.0013496013    0.0013496013
  0.0013496013    0.0013496013    0.0013496013    0.0013496013    0.0013496013
  0.0013496013    0.0013496013    0.0013496013    0.0013496013    0.0013496013
  0.0013496013    0.0013496013    0.0013496013    0.0013496013    0.0013496013
  0.0013496013    0.0013496013    0.0013496013    0.0013496013    0.0013496013
  0.0013496013    0.0013496013    0.0013496013    0.0013496013    0.0013496013
  0.0013496013    0.0013496013    0.0013496013    0.0013496013    0.0013496013
  0.0013496013    0.0013496013    0.0013496013    0.0013496013    0.0013496013
  0.0013496013    0.0013496013    0.0013496013    0.0013496013    0.0013496013
  0.0013496013    0.0013496013    0.0013496013    0.0013496013    0.0013496013
  0.0013496013    0.0013496013    0.0013496013    0.0013496013    0.0013496013
  0.0013496013    0.0013496013    0.0013496013    0.0013496013    0.0013496013
  0.0013496013    0.0013496013    0.0013496013    0.0013496013    0.0013496013
  0.0000436256    0.0000471018    0.0000564124    0.0000693483    0.0000844865
  0.0001008376    0.0001179815    0.0001357150    0.0001538618    0.0001722662
  0.0001910161    0.0002099422    0.0002291190    0.0002484924    0.0002680825
  0.0002877744    0.0003076966    0.0003277916    0.0003480424    0.0003684729
  0.0003890998    0.0004099063    0.0004308924    0.0004520547    0.0004734711
  0.0004950365    0.0005168392    0.0005388349    0.0005610814    0.0005835345
  0.0006062384    0.0006291727    0.0006523983    0.0006758815    0.0006996594
  0.0007236982    0.0007480385    0.0007727278    0.0007977560    0.0008231161
  0.0008488592    0.0008749681    0.0009014836    0.0009284531    0.0009558462
  0.0009837068    0.0010120722    0.0010409662    0.0010704464    0.0011005025
  0.0011311989    0.0011625629    0.0011946248    0.0012274727    0.0012611304
  0.0012956487    0.0013311529    0.0013676363    0.0014052514    0.0014076265
  0.0014076434    0.0014076434    0.0014076434    0.0014076434    0.0014076434
  0.0014076434    0.0014076434    0.0014076434    0.0014076434    0.0014076434
  0.0014076434    0.0014076434    0.0014076434    0.0014076434    0.0014076434
  0.0014076434    0.0014076434    0.0014076434    0.0014076434    0.0014076434
  0.0014076434    0.0014076434    0.0014076434    0.0014076434    0.0014076434
  0.0014076434    0.0014076434    0.0014076434    0.0014076434    0.0014076434
  0.0014076434    0.0014076434    0.0014076434    0.0014076434    0.0014076434
  0.0014076434    0.0014076434    0.0014076434    0.0014076434    0.0014076434
  0.0014076434    0.0014076434    0.0014076434    0.0014076434    0.0014076434
  0.0014076434    0.0014076434    0.0014076434    0.0014076434    0.0014076434
  0.0014076434    0.0014076434    0.0014076434    0.0014076434    0.0014076434
  0.0014076434    0.0014076434    0.0014076434    0.0014076434    0.0014076434
  0.0014076434    0.0014076434    0.0014076434    0.0014076434    0.0014076434
  0.0014076434    0.0014076434    0.0014076434    0.0014076434    0.0014076434
  0.0014076434    0.0014076434    0.0014076434    0.0014076434    0.0014076434
  0.0014076434    0.0014076434    0.0014076434    0.0014076434    0.0014076434
  0.0014076434    0.0014076434    0.0014076434    0.0014076434    0.0014076434
  0.0014076434    0.0014076434    0.0014076434    0.0014076434    0.0014076434
  0.0014076434    0.0014076434    0.0014076434    0.0014076434    0.0014076434
  0.0014076434    0.0014076434    0.0014076434    0.0014076434    0.0014076434
  0.0014076434    0.0014076434    0.0014076434    0.0014076434    0.0014076434
  0.0014076434    0.0014076434    0.0014076434    0.0014076434    0.0014076434
  0.0014076434    0.0014076434    0.0014076434    0.0014076434    0.0014076434
  0.0014076434    0.0014076434    0.0014076434    0.0014076434    0.0014076434
  0.0000475152    0.0000506593    0.0000592788    0.0000714828    0.0000859230
  0.0001017320    0.0001184152    0.0001357828    0.0001535298    0.0001716224
  0.0001900335    0.0002086886    0.0002275537    0.0002466289    0.0002658531
  0.0002852739    0.0003049251    0.0003246779    0.0003446543    0.0003647324
  0.0003850341    0.0004054916    0.0004261253    0.0004469488    0.0004679484
  0.0004891344    0.0005105169    0.0005320790    0.0005538410    0.0005758469
  0.0005980662    0.0006204991    0.0006431589    0.0006660728    0.0006892375
  0.0007126495    0.0007363596    0.0007603307    0.0007846168    0.0008091977
  0.0008341038    0.0008593251    0.0008849428    0.0009108958    0.0009372216
  0.0009639946    0.0009911675    0.0010188146    0.0010469090    0.0010755353
  0.0011046292    0.0011343228    0.0011646195    0.0011955125    0.0012270865
  0.0012593788    0.0012924096    0.0013262706    0.0013609685    0.0013966116
  0.0014332204    0.0014652044    0.0014651739    0.0014651739    0.0014651739
  0.0014651739    0.0014651739    0.0014651739    0.0014651739    0.0014651739
  0.0014651739    0.0014651739    0.0014651739    0.0014651739    0.0014651739
  0.0014651739    0.0014651739    0.0014651739    0.0014651739    0.0014651739
  0.0014651739    0.0014651739    0.0014651739    0.0014651739    0.0014651739
  0.0014651739    0.0014651739    0.0014651739    0.0014651739    0.0014651739
  0.0014651739    0.0014651739    0.0014651739    0.0014651739    0.0014651739
  0.0014651739    0.0014651739    0.0014651739    0.0014651739    0.0014651739
  0.0014651739    0.0014651739    0.0014651739    0.0014651739    0.0014651739
  0.0014651739    0.0014651739    0.0014651739    0.0014651739    0.0014651739
  0.0014651739    0.0014651739    0.0014651739    0.0014651739    0.0014651739
  0.0014651739    0.0014651739    0.0014651739    0.0014651739    0.0014651739
  0.0014651739    0.0014651739    0.0014651739    0.0014651739    0.0014651739
  0.0014651739    0.0014651739    0.0014651739    0.0014651739    0.0014651739
  0.0014651739    0.0014651739    0.0014651739    0.0014651739    0.0014651739
  0.0014651739    0.0014651739    0.0014651739    0.0014651739    0.0014651739
  0.0014651739    0.0014651739    0.0014651739    0.0014651739    0.0014651739
  0.0014651739    0.0014651739    0.0014651739    0.0014651739    0.0014651739
  0.0014651739    0.0014651739    0.0014651739    0.0014651739    0.0014651739
  0.0014651739    0.0014651739    0.0014651739    0.0014651739    0.0014651739
  0.0014651739    0.0014651739    0.0014651739    0.0014651739    0.0014651739
  0.0014651739    0.0014651739    0.0014651739    0.0014651739    0.0014651739
  0.0014651739    0.0014651739    0.0014651739    0.0014651739    0.0014651739
  0.0014651739    0.0014651739    0.0014651739    0.0014651739    0.0014651739
  0.0000515199    0.0000544541    0.0000623281    0.0000738138    0.0000876374
  0.0001028840    0.0001191335    0.0001360267    0.0001534011    0.0001711616
  0.0001893017    0.0002076112    0.0002261917    0.0002449823    0.0002639422
  0.0002830513    0.0003023908    0.0003218861    0.0003415169    0.0003613036
  0.0003813275    0.0004014733    0.0004217818    0.0004422393    0.0004629137
  0.0004837032    0.0005047164    0.0005259126    0.0005472883    0.0005688572
  0.0005906429    0.0006125912    0.0006347767    0.0006571891    0.0006798117
  0.0007026816    0.0007258022    0.0007491803    0.0007727922    0.0007967124
  0.0008208935    0.0008453863    0.0008701705    0.0008952799    0.0009207587
  0.0009465796    0.0009727394    0.0009993091    0.0010262922    0.0010536853
  0.0010815425    0.0011098605    0.0011387037    0.0011680550    0.0011979587
  0.0012284620    0.0012595685    0.0012913458    0.0013238312    0.0013570416
  0.0013910619    0.0014259393    0.0014617553    0.0014984860    0.0015222402
  0.0015222537    0.0015222537    0.0015222537    0.0015222537    0.0015222537
  0.0015222537    0.0015222537    0.0015222537    0.0015222537    0.0015222537
  0.0015222537    0.0015222537    0.0015222537    0.0015222537    0.0015222537
  0.0015222537    0.0015222537    0.0015222537    0.0015222537    0.0015222537
  0.0015222537    0.0015222537    0.0015222537    0.0015222537    0.0015222537
  0.0015222537    0.0015222537    0.0015222537    0.0015222537    0.0015222537
  0.0015222537    0.0015222537    0.0015222537    0.0015222537    0.0015222537
  0.0015222537    0.0015222537    0.0015222537    0.0015222537    0.0015222537
  0.0015222537    0.0015222537    0.0015222537    0.0015222537    0.0015222537
  0.0015222537    0.0015222537    0.0015222537    0.0015222537    0.0015222537
  0.0015222537    0.0015222537    0.0015222537    0.0015222537    0.0015222537
  0.0015222537    0.0015222537    0.0015222537    0.0015222537    0.0015222537
  0.0015222537    0.0015222537    0.0015222537    0.0015222537    0.0015222537
  0.0015222537    0.0015222537    0.0015222537    0.0015222537    0.0015222537
  0.0015222537    0.0015222537    0.0015222537    0.0015222537    0.0015222537
  0.0015222537    0.0015222537    0.0015222537    0.0015222537    0.0015222537
  0.0015222537    0.0015222537    0.0015222537    0.0015222537    0.0015222537
  0.0015222537    0.0015222537    0.0015222537    0.0015222537    0.0015222537
  0.0015222537    0.0015222537    0.0015222537    0.0015222537    0.0015222537
  0.0015222537    0.0015222537    0.0015222537    0.0015222537    0.0015222537
  0.0015222537    0.0015222537    0.0015222537    0.0015222537    0.0015222537
  0.0015222537    0.0015222537    0.0015222537    0.0015222537    0.0015222537
  0.0015222537    0.0015222537    0.0015222537    0.0015222537    0.0015222537
  0.0000556263    0.0000582488    0.0000656552    0.0000764295    0.0000896025
  0.0001043070    0.0001200483    0.0001365078    0.0001535163    0.0001709380
  0.0001887054    0.0002067574    0.0002250397    0.0002435863    0.0002622482
  0.0002810997    0.0003001343    0.0003193585    0.0003387183    0.0003582407
  0.0003779800    0.0003977599    0.0004177770    0.0004379431    0.0004582990
  0.0004787905    0.0004994377    0.0005203018    0.0005412608    0.0005624367
  0.0005837954    0.0006053846    0.0006271330    0.0006490712    0.0006712465
  0.0006936014    0.0007161833    0.0007390362    0.0007620959    0.0007854096
  0.0008089605    0.0008328096    0.0008569297    0.0008813107    0.0009060102
  0.0009310078    0.0009563171    0.0009820026    0.0010080370    0.0010344373
  0.0010612137    0.0010884102    0.0011160303    0.0011440908    0.0011726222
  0.0012016721    0.0012312200    0.0012613337    0.0012920302    0.0013233636
  0.0013553239    0.0013879888    0.0014214094    0.0014555889    0.0014905916
  0.0015265126    0.0015633823    0.0015788626    0.0015788491    0.0015788491
  0.0015788491    0.0015788491    0.0015788491    0.0015788491    0.0015788491
  0.0015788491    0.0015788491    0.0015788491    0.0015788491    0.0015788491
  0.0015788491    0.0015788491    0.0015788491    0.0015788491    0.0015788491
  0.0015788491    0.0015788491    0.0015788491    0.0015788491    0.0015788491
  0.0015788491    0.0015788491    0.0015788491    0.0015788491    0.0015788491
  0.0015788491    0.0015788491    0.0015788491    0.0015788491    0.0015788491
  0.0015788491    0.0015788491    0.0015788491    0.0015788491    0.0015788491
  0.0015788491    0.0015788491    0.0015788491    0.0015788491    0.0015788491
  0.0015788491    0.0015788491    0.0015788491    0.0015788491    0.0015788491
  0.0015788491    0.0015788491    0.0015788491    0.0015788491    0.0015788491
  0.0015788491    0.0015788491    0.0015788491    0.0015788491    0.0015788491
  0.0015788491    0.0015788491    0.0015788491    0.0015788491    0.0015788491
  0.0015788491    0.0015788491    0.0015788491    0.0015788491    0.0015788491
  0.0015788491    0.0015788491    0.0015788491    0.0015788491    0.0015788491
  0.0015788491    0.0015788491    0.0015788491    0.0015788491    0.0015788491
  0.0015788491    0.0015788491    0.0015788491    0.0015788491    0.0015788491
  0.0015788491    0.0015788491    0.0015788491    0.0015788491    0.0015788491
  0.0015788491    0.0015788491    0.0015788491    0.0015788491    0.0015788491
  0.0015788491    0.0015788491    0.0015788491    0.0015788491    0.0015788491
  0.0015788491    0.0015788491    0.0015788491    0.0015788491    0.0015788491
  0.0015788491    0.0015788491    0.0015788491    0.0015788491    0.0015788491
  0.0015788491    0.0015788491    0.0015788491    0.0015788491    0.0015788491
  0.0000598818    0.0000623010    0.0000690908    0.0000792823    0.0000918184
  0.0001059469    0.0001212138    0.0001372735    0.0001538551    0.0001709651
  0.0001884072    0.0002061543    0.0002241249    0.0002423327    0.0002607574
  0.0002793582    0.0002981014    0.0003171020    0.0003362043    0.0003554218
  0.0003748493    0.0003944395    0.0004141449    0.0004340061    0.0004540503
  0.0004742300    0.0004945520    0.0005150706    0.0005357314    0.0005565684
  0.0005775409    0.0005987303    0.0006201027    0.0006416444    0.0006633691
  0.0006852971    0.0007074284    0.0007297866    0.0007523448    0.0007751334
  0.0007981625    0.0008214051    0.0008449018    0.0008686696    0.0008926812
  0.0009169945    0.0009415923    0.0009664680    0.0009916892    0.0010172222
  0.0010430940    0.0010693351    0.0010959454    0.0011229285    0.0011503385
  0.0011781483    0.0012064324    0.0012351739    0.0012644203    0.0012941816
  0.0013244953    0.0013553713    0.0013868911    0.0014190648    0.0014518958
  0.0014854349    0.0015197973    0.0015549695    0.0015910091    0.0016279973
  0.0016350413    0.0016350243    0.0016350243    0.0016350243    0.0016350243
  0.0016350243    0.0016350243    0.0016350243    0.0016350243    0.0016350243
  0.0016350243    0.0016350243    0.0016350243    0.0016350243    0.0016350243
  0.0016350243    0.0016350243    0.0016350243    0.0016350243    0.0016350243
  0.0016350243    0.0016350243    0.0016350243    0.0016350243    0.0016350243
  0.0016350243    0.0016350243    0.0016350243    0.0016350243    0.0016350243
  0.0016350243    0.0016350243    0.0016350243    0.0016350243    0.0016350243
  0.0016350243    0.0016350243    0.0016350243    0.0016350243    0.0016350243
  0.0016350243    0.0016350243    0.0016350243    0.0016350243    0.0016350243
  0.0016350243    0.0016350243    0.0016350243    0.0016350243    0.0016350243
  0.0016350243    0.0016350243    0.0016350243    0.0016350243    0.0016350243
  0.0016350243    0.0016350243    0.0016350243    0.0016350243    0.0016350243
  0.0016350243    0.0016350243    0.0016350243    0.0016350243    0.0016350243
  0.0016350243    0.0016350243    0.0016350243    0.0016350243    0.0016350243
  0.0016350243    0.0016350243    0.0016350243    0.0016350243    0.0016350243
  0.0016350243    0.0016350243    0.0016350243    0.0016350243    0.0016350243
  0.0016350243    0.0016350243    0.0016350243    0.0016350243    0.0016350243
  0.0016350243    0.0016350243    0.0016350243    0.0016350243    0.0016350243
  0.0016350243    0.0016350243    0.0016350243    0.0016350243    0.0016350243
  0.0016350243    0.0016350243    0.0016350243    0.0016350243    0.0016350243
  0.0016350243    0.0016350243    0.0016350243    0.0016350243    0.0016350243
  0.0016350243    0.0016350243    0.0016350243    0.0016350243    0.0016350243
  0.0000642119    0.0000664413    0.0000727635    0.0000823180    0.0000942714
  0.0001078307    0.0001225691    0.0001382561    0.0001544243    0.0001712023
  0.0001883124    0.0002057070    0.0002234134    0.0002413705    0.0002595173
  0.0002778336    0.0002963870    0.0003150353    0.0003339072    0.0003528943
  0.0003720372    0.0003913563    0.0004107771    0.0004303876    0.0004501269
  0.0004700084    0.0004900526    0.0005102391    0.0005306153    0.0005511203
  0.0005717947    0.0005926181    0.0006136110    0.0006347868    0.0006561320
  0.0006776738    0.0006993985    0.0007213129    0.0007434171    0.0007657042
  0.0007882285    0.0008109832    0.0008339480    0.0008571499    0.0008805958
  0.0009042687    0.0009282261    0.0009524310    0.0009769441    0.0010017181
  0.0010268174    0.0010522351    0.0010779477    0.0011040160    0.0011304874
  0.0011572503    0.0011844638    0.0012120499    0.0012400867    0.0012685809
  0.0012975189    0.0013269720    0.0013569095    0.0013874163    0.0014184956
  0.0014501712    0.0014824940    0.0015155418    0.0015492368    0.0015837348
  0.0016190188    0.0016552040    0.0016908065    0.0016908201    0.0016908201
  0.0016908201    0.0016908201    0.0016908201    0.0016908201    0.0016908201
  0.0016908201    0.0016908201    0.0016908201    0.0016908201    0.0016908201
  0.0016908201    0.0016908201    0.0016908201    0.0016908201    0.0016908201
  0.0016908201    0.0016908201    0.0016908201    0.0016908201    0.0016908201
  0.0016908201    0.0016908201    0.0016908201    0.0016908201    0.0016908201
  0.0016908201    0.0016908201    0.0016908201    0.0016908201    0.0016908201
  0.0016908201    0.0016908201    0.0016908201    0.0016908201    0.0016908201
  0.0016908201    0.0016908201    0.0016908201    0.0016908201    0.0016908201
  0.0016908201    0.0016908201    0.0016908201    0.0016908201    0.0016908201
  0.0016908201    0.0016908201    0.0016908201    0.0016908201    0.0016908201
  0.0016908201    0.0016908201    0.0016908201    0.0016908201    0.0016908201
  0.0016908201    0.0016908201    0.0016908201    0.0016908201    0.0016908201
  0.0016908201    0.0016908201    0.0016908201    0.0016908201    0.0016908201
  0.0016908201    0.0016908201    0.0016908201    0.0016908201    0.0016908201
  0.0016908201    0.0016908201    0.0016908201    0.0016908201    0.0016908201
  0.0016908201    0.0016908201    0.0016908201    0.0016908201    0.0016908201
  0.0016908201    0.0016908201    0.0016908201    0.0016908201    0.0016908201
  0.0016908201    0.0016908201    0.0016908201    0.0016908201    0.0016908201
  0.0016908201    0.0016908201    0.0016908201    0.0016908201    0.0016908201
  0.0016908201    0.0016908201    0.0016908201    0.0016908201    0.0016908201
  0.0016908201    0.0016908201    0.0016908201    0.0016908201    0.0016908201
  0.0000686571    0.0000706561    0.0000765650    0.0000855978    0.0000969209
  0.0001099449    0.0001242021    0.0001394148    0.0001552442    0.0001716157
  0.0001884140    0.0002055105    0.0002229187    0.0002405980    0.0002584535
  0.0002765868    0.0002948217    0.0003132599    0.0003318946    0.0003506174
  0.0003694825    0.0003885442    0.0004077413    0.0004270740    0.0004465558
  0.0004661866    0.0004859259    0.0005058413    0.0005258787    0.0005460923
  0.0005664414    0.0005870074    0.0006076276    0.0006284442    0.0006494439
  0.0006706400    0.0006919582    0.0007134863    0.0007351907    0.0007570780
  0.0007791619    0.0008014219    0.0008239327    0.0008466128    0.0008695166
  0.0008926575    0.0009160424    0.0009396882    0.0009635542    0.0009876912
  0.0010120858    0.0010367616    0.0010617422    0.0010870347    0.0011126320
  0.0011385376    0.0011648058    0.0011914603    0.0012184603    0.0012458398
  0.0012736225    0.0013018524    0.0013305160    0.0013596810    0.0013892933
  0.0014194273    0.0014501238    0.0014813963    0.0015132413    0.0015457267
  0.0015788897    0.0016127778    0.0016474113    0.0016828308    0.0017191110
  0.0017461483    0.0017461584    0.0017461584    0.0017461584    0.0017461584
  0.0017461584    0.0017461584    0.0017461584    0.0017461584    0.0017461584
  0.0017461584    0.0017461584    0.0017461584    0.0017461584    0.0017461584
  0.0017461584    0.0017461584    0.0017461584    0.0017461584    0.0017461584
  0.0017461584    0.0017461584    0.0017461584    0.0017461584    0.0017461584
  0.0017461584    0.0017461584    0.0017461584    0.0017461584    0.0017461584
  0.0017461584    0.0017461584    0.0017461584    0.0017461584    0.0017461584
  0.0017461584    0.0017461584    0.0017461584    0.0017461584    0.0017461584
  0.0017461584    0.0017461584    0.0017461584    0.0017461584    0.0017461584
  0.0017461584    0.0017461584    0.0017461584    0.0017461584    0.0017461584
  0.0017461584    0.0017461584    0.0017461584    0.0017461584    0.0017461584
  0.0017461584    0.0017461584    0.0017461584    0.0017461584    0.0017461584
  0.0017461584    0.0017461584    0.0017461584    0.0017461584    0.0017461584
  0.0017461584    0.0017461584    0.0017461584    0.0017461584    0.0017461584
  0.0017461584    0.0017461584    0.0017461584    0.0017461584    0.0017461584
  0.0017461584    0.0017461584    0.0017461584    0.0017461584    0.0017461584
  0.0017461584    0.0017461584    0.0017461584    0.0017461584    0.0017461584
  0.0017461584    0.0017461584    0.0017461584    0.0017461584    0.0017461584
  0.0017461584    0.0017461584    0.0017461584    0.0017461584    0.0017461584
  0.0017461584    0.0017461584    0.0017461584    0.0017461584    0.0017461584
  0.0017461584    0.0017461584    0.0017461584    0.0017461584    0.0017461584
  0.0000731498    0.0000750539    0.0000805291    0.0000890198    0.0000997805
  0.0001123166    0.0001261130    0.0001408243    0.0001562606    0.0001722594
  0.0001887189    0.0002055376    0.0002226477    0.0002400627    0.0002576539
  0.0002754754    0.0002934935    0.0003116878    0.0003300244    0.0003485574
  0.0003671718    0.0003859692    0.0004049292    0.0004240044    0.0004432218
  0.0004626155    0.0004820837    0.0005017417    0.0005215622    0.0005414302
  0.0005615219    0.0005817219    0.0006021185    0.0006226573    0.0006433046
  0.0006641551    0.0006850802    0.0007062764    0.0007275877    0.0007490753
  0.0007707458    0.0007926128    0.0008146627    0.0008369092    0.0008593386
  0.0008820323    0.0009048955    0.0009279754    0.0009512790    0.0009748536
  0.0009986586    0.0010227076    0.0010470039    0.0010716220    0.0010964672
  0.0011216275    0.0011471096    0.0011728797    0.0011989989    0.0012254669
  0.0012522840    0.0012794433    0.0013070599    0.0013350188    0.0013634351
  0.0013922985    0.0014216330    0.0014514316    0.0014817385    0.0015126009
  0.0015440665    0.0015760945    0.0016087121    0.0016420547    0.0016760817
  0.0017108371    0.0017464091    0.0017828011    0.0018011647    0.0018011647
  0.0018011647    0.0018011647    0.0018011647    0.0018011647    0.0018011647
  0.0018011647    0.0018011647    0.0018011647    0.0018011647    0.0018011647
  0.0018011647    0.0018011647    0.0018011647    0.0018011647    0.0018011647
  0.0018011647    0.0018011647    0.0018011647    0.0018011647    0.0018011647
  0.0018011647    0.0018011647    0.0018011647    0.0018011647    0.0018011647
  0.0018011647    0.0018011647    0.0018011647    0.0018011647    0.0018011647
  0.0018011647    0.0018011647    0.0018011647    0.0018011647    0.0018011647
  0.0018011647    0.0018011647    0.0018011647    0.0018011647    0.0018011647
  0.0018011647    0.0018011647    0.0018011647    0.0018011647    0.0018011647
  0.0018011647    0.0018011647    0.0018011647    0.0018011647    0.0018011647
  0.0018011647    0.0018011647    0.0018011647    0.0018011647    0.0018011647
  0.0018011647    0.0018011647    0.0018011647    0.0018011647    0.0018011647
  0.0018011647    0.0018011647    0.0018011647    0.0018011647    0.0018011647
  0.0018011647    0.0018011647    0.0018011647    0.0018011647    0.0018011647
  0.0018011647    0.0018011647    0.0018011647    0.0018011647    0.0018011647
  0.0018011647    0.0018011647    0.0018011647    0.0018011647    0.0018011647
  0.0018011647    0.0018011647    0.0018011647    0.0018011647    0.0018011647
  0.0018011647    0.0018011647    0.0018011647    0.0018011647    0.0018011647
  0.0018011647    0.0018011647    0.0018011647    0.0018011647    0.0018011647
  0.0018011647    0.0018011647    0.0018011647    0.0018011647    0.0018011647
  0.0000777915    0.0000795466    0.0000846626    0.0000926315    0.0001028976
  0.0001148509    0.0001281324    0.0001424574    0.0001574736    0.0001731268
  0.0001892543    0.0002057477    0.0002225799    0.0002396426    0.0002570237
  0.0002745742    0.0002923416    0.0003103325    0.0003284048    0.0003466736
  0.0003650915    0.0003836449    0.0004023678    0.0004212396    0.0004402064
  0.0004593087    0.0004786210    0.0004979808    0.0005174829    0.0005371205
  0.0005569547    0.0005768498    0.0005969346    0.0006171685    0.0006375651
  0.0006580768    0.0006787309    0.0006995272    0.0007205540    0.0007416824
  0.0007630141    0.0007844609    0.0008061314    0.0008279849    0.0008499942
  0.0008722000    0.0008946294    0.0009172418    0.0009400439    0.0009631036
  0.0009863258    0.0010098327    0.0010335496    0.0010575511    0.0010817830
  0.0011062792    0.0011310194    0.0011560509    0.0011814077    0.0012070355
  0.0012330326    0.0012593076    0.0012859790    0.0013129722    0.0013403144
  0.0013680870    0.0013962627    0.0014248720    0.0014538745    0.0014833919
  0.0015133734    0.0015439039    0.0015749121    0.0016064962    0.0016387038
  0.0016715247    0.0017049621    0.0017391280    0.0017740427    0.0018096927
  0.0018461862    0.0018557611    0.0018557882    0.0018557882    0.0018557882
  0.0018557882    0.0018557882    0.0018557882    0.0018557882    0.0018557882
  0.0018557882    0.0018557882    0.0018557882    0.0018557882    0.0018557882
  0.0018557882    0.0018557882    0.0018557882    0.0018557882    0.0018557882
  0.0018557882    0.0018557882    0.0018557882    0.0018557882    0.0018557882
  0.0018557882    0.0018557882    0.0018557882    0.0018557882    0.0018557882
  0.0018557882    0.0018557882    0.0018557882    0.0018557882    0.0018557882
  0.0018557882    0.0018557882    0.0018557882    0.0018557882    0.0018557882
  0.0018557882    0.0018557882    0.0018557882    0.0018557882    0.0018557882
  0.0018557882    0.0018557882    0.0018557882    0.0018557882    0.0018557882
  0.0018557882    0.0018557882    0.0018557882    0.0018557882    0.0018557882
  0.0018557882    0.0018557882    0.0018557882    0.0018557882    0.0018557882
  0.0018557882    0.0018557882    0.0018557882    0.0018557882    0.0018557882
  0.0018557882    0.0018557882    0.0018557882    0.0018557882    0.0018557882
  0.0018557882    0.0018557882    0.0018557882    0.0018557882    0.0018557882
  0.0018557882    0.0018557882    0.0018557882    0.0018557882    0.0018557882
  0.0018557882    0.0018557882    0.0018557882    0.0018557882    0.0018557882
  0.0018557882    0.0018557882    0.0018557882    0.0018557882    0.0018557882
  0.0018557882    0.0018557882    0.0018557882    0.0018557882    0.0018557882
  0.0018557882    0.0018557882    0.0018557882    0.0018557882    0.0018557882
  0.0000824536    0.0000841070    0.0000889181    0.0000964059    0.0001061637
  0.0001176224    0.0001304566    0.0001443073    0.0001589779    0.0001741839
  0.0001899929    0.0002061814    0.0002226883    0.0002395138    0.0002565968
  0.0002739440    0.0002914471    0.0003091738    0.0003270225    0.0003450202
  0.0003632281    0.0003815714    0.0004000706    0.0004186986    0.0004374214
  0.0004562933    0.0004753346    0.0004944504    0.0005137424    0.0005331293
  0.0005526924    0.0005723910    0.0005921845    0.0006121270    0.0006322254
  0.0006524119    0.0006727813    0.0006933066    0.0007139742    0.0007348180
  0.0007557702    0.0007768986    0.0007981829    0.0008196568    0.0008413206
  0.0008631198    0.0008851359    0.0009072943    0.0009296492    0.0009522344
  0.0009750230    0.0009980284    0.0010212033    0.0010446559    0.0010682847
  0.0010921846    0.0011163284    0.0011407094    0.0011653818    0.0011903185
  0.0012155262    0.0012410388    0.0012669004    0.0012930161    0.0013195113
  0.0013463047    0.0013734843    0.0014010365    0.0014289954    0.0014573337
  0.0014860888    0.0015152979    0.0015449881    0.0015751459    0.0016058118
  0.0016370233    0.0016687498    0.0017011166    0.0017340865    0.0017676832
  0.0018019677    0.0018369875    0.0018727492    0.0019093512    0.0019100288
  0.0019100457    0.0019100457    0.0019100457    0.0019100457    0.0019100457
  0.0019100457    0.0019100457    0.0019100457    0.0019100457    0.0019100457
  0.0019100457    0.0019100457    0.0019100457    0.0019100457    0.0019100457
  0.0019100457    0.0019100457    0.0019100457    0.0019100457    0.0019100457
  0.0019100457    0.0019100457    0.0019100457    0.0019100457    0.0019100457
  0.0019100457    0.0019100457    0.0019100457    0.0019100457    0.0019100457
  0.0019100457    0.0019100457    0.0019100457    0.0019100457    0.0019100457
  0.0019100457    0.0019100457    0.0019100457    0.0019100457    0.0019100457
  0.0019100457    0.0019100457    0.0019100457    0.0019100457    0.0019100457
  0.0019100457    0.0019100457    0.0019100457    0.0019100457    0.0019100457
  0.0019100457    0.0019100457    0.0019100457    0.0019100457    0.0019100457
  0.0019100457    0.0019100457    0.0019100457    0.0019100457    0.0019100457
  0.0019100457    0.0019100457    0.0019100457    0.0019100457    0.0019100457
  0.0019100457    0.0019100457    0.0019100457    0.0019100457    0.0019100457
  0.0019100457    0.0019100457    0.0019100457    0.0019100457    0.0019100457
  0.0019100457    0.0019100457    0.0019100457    0.0019100457    0.0019100457
  0.0019100457    0.0019100457    0.0019100457    0.0019100457    0.0019100457
  0.0019100457    0.0019100457    0.0019100457    0.0019100457    0.0019100457
  0.0019100457    0.0019100457    0.0019100457    0.0019100457    0.0019100457
  0.0000872715    0.0000888029    0.0000932956    0.0001003700    0.0001096467
  0.0001206514    0.0001329774    0.0001463334    0.0001606313    0.0001755527
  0.0001909280    0.0002068048    0.0002230678    0.0002395816    0.0002564206
  0.0002734426    0.0002907424    0.0003081709    0.0003258570    0.0003436582
  0.0003615882    0.0003797147    0.0003979429    0.0004163336    0.0004348735
  0.0004535353    0.0004723395    0.0004912113    0.0005102933    0.0005294498
  0.0005487350    0.0005681558    0.0005877121    0.0006074175    0.0006272448
  0.0006472348    0.0006672858    0.0006875062    0.0007078892    0.0007283670
  0.0007490617    0.0007698784    0.0007908374    0.0008119455    0.0008332704
  0.0008546766    0.0008763064    0.0008981056    0.0009200607    0.0009422123
  0.0009645537    0.0009870780    0.0010097785    0.0010327229    0.0010558706
  0.0010792487    0.0011028166    0.0011266419    0.0011507180    0.0011749973
  0.0011995613    0.0012244031    0.0012495023    0.0012748930    0.0013005954
  0.0013265823    0.0013529217    0.0013795456    0.0014065592    0.0014338811
  0.0014616197    0.0014897107    0.0015182286    0.0015471938    0.0015765587
  0.0016064183    0.0016367285    0.0016675639    0.0016989211    0.0017308170
  0.0017633125    0.0017964247    0.0018301909    0.0018645940    0.0018996950
  0.0019356261    0.0019639645    0.0019639645    0.0019639645    0.0019639645
  0.0019639645    0.0019639645    0.0019639645    0.0019639645    0.0019639645
  0.0019639645    0.0019639645    0.0019639645    0.0019639645    0.0019639645
  0.0019639645    0.0019639645    0.0019639645    0.0019639645    0.0019639645
  0.0019639645    0.0019639645    0.0019639645    0.0019639645    0.0019639645
  0.0019639645    0.0019639645    0.0019639645    0.0019639645    0.0019639645
  0.0019639645    0.0019639645    0.0019639645    0.0019639645    0.0019639645
  0.0019639645    0.0019639645    0.0019639645    0.0019639645    0.0019639645
  0.0019639645    0.0019639645    0.0019639645    0.0019639645    0.0019639645
  0.0019639645    0.0019639645    0.0019639645    0.0019639645    0.0019639645
  0.0019639645    0.0019639645    0.0019639645    0.0019639645    0.0019639645
  0.0019639645    0.0019639645    0.0019639645    0.0019639645    0.0019639645
  0.0019639645    0.0019639645    0.0019639645    0.0019639645    0.0019639645
  0.0019639645    0.0019639645    0.0019639645    0.0019639645    0.0019639645
  0.0019639645    0.0019639645    0.0019639645    0.0019639645    0.0019639645
  0.0019639645    0.0019639645    0.0019639645    0.0019639645    0.0019639645
  0.0019639645    0.0019639645    0.0019639645    0.0019639645    0.0019639645
  0.0019639645    0.0019639645    0.0019639645    0.0019639645    0.0019639645
  0.0019639645    0.0019639645    0.0019639645    0.0019639645    0.0019639645
  0.0000921369    0.0000935599    0.0000977679    0.0001044968    0.0001132924
  0.0001238227    0.0001357015    0.0001486577    0.0001624880    0.0001769892
  0.0001921138    0.0002076450    0.0002235354    0.0002398052    0.0002564138
  0.0002731986    0.0002902138    0.0003074255    0.0003248066    0.0003424114
  0.0003601381    0.0003780477    0.0003960658    0.0004142330    0.0004325289
  0.0004509874    0.0004695815    0.0004882501    0.0005070475    0.0005259939
  0.0005450623    0.0005642459    0.0005835854    0.0006030807    0.0006226370
  0.0006423085    0.0006621833    0.0006820987    0.0007021835    0.0007224581
  0.0007428072    0.0007632987    0.0007839663    0.0008047626    0.0008257080
  0.0008468364    0.0008680732    0.0008894659    0.0009111296    0.0009329018
  0.0009548026    0.0009768865    0.0009992007    0.0010217047    0.0010443510
  0.0010672886    0.0010903279    0.0011136383    0.0011371926    0.0011609366
  0.0011848974    0.0012091294    0.0012335781    0.0012583454    0.0012833159
  0.0013085778    0.0013341785    0.0013600300    0.0013861728    0.0014126477
  0.0014394681    0.0014666409    0.0014941458    0.0015220301    0.0015503278
  0.0015790185    0.0016081022    0.0016376603    0.0016676622    0.0016981350
  0.0017291398    0.0017606325    0.0017926809    0.0018253221    0.0018585699
  0.0018924681    0.0019269966    0.0019622569    0.0019982253    0.0020175579
  0.0020175376    0.0020175376    0.0020175376    0.0020175376    0.0020175376
  0.0020175376    0.0020175376    0.0020175376    0.0020175376    0.0020175376
  0.0020175376    0.0020175376    0.0020175376    0.0020175376    0.0020175376
  0.0020175376    0.0020175376    0.0020175376    0.0020175376    0.0020175376
  0.0020175376    0.0020175376    0.0020175376    0.0020175376    0.0020175376
  0.0020175376    0.0020175376    0.0020175376    0.0020175376    0.0020175376
  0.0020175376    0.0020175376    0.0020175376    0.0020175376    0.0020175376
  0.0020175376    0.0020175376    0.0020175376    0.0020175376    0.0020175376
  0.0020175376    0.0020175376    0.0020175376    0.0020175376    0.0020175376
  0.0020175376    0.0020175376    0.0020175376    0.0020175376    0.0020175376
  0.0020175376    0.0020175376    0.0020175376    0.0020175376    0.0020175376
  0.0020175376    0.0020175376    0.0020175376    0.0020175376    0.0020175376
  0.0020175376    0.0020175376    0.0020175376    0.0020175376    0.0020175376
  0.0020175376    0.0020175376    0.0020175376    0.0020175376    0.0020175376
  0.0020175376    0.0020175376    0.0020175376    0.0020175376    0.0020175376
  0.0020175376    0.0020175376    0.0020175376    0.0020175376    0.0020175376
  0.0020175376    0.0020175376    0.0020175376    0.0020175376    0.0020175376
  0.0020175376    0.0020175376    0.0020175376    0.0020175376    0.0020175376
  0.0000970564    0.0000984185    0.0001024029    0.0001087048    0.0001170803
  0.0001271498    0.0001386085    0.0001511310    0.0001645683    0.0001787443
  0.0001934555    0.0002086615    0.0002243079    0.0002403066    0.0002565426
  0.0002730902    0.0002898682    0.0003068631    0.0003240477    0.0003414153
  0.0003588709    0.0003765705    0.0003944260    0.0004123424    0.0004304554
  0.0004486767    0.0004670065    0.0004855057    0.0005040998    0.0005228091
  0.0005416742    0.0005606545    0.0005797297    0.0005989336    0.0006183002
  0.0006377413    0.0006572976    0.0006770300    0.0006968506    0.0007168270
  0.0007369458    0.0007571390    0.0007775559    0.0007980744    0.0008187014
  0.0008395045    0.0008604432    0.0008815309    0.0009027677    0.0009241197
  0.0009457563    0.0009674810    0.0009893819    0.0010114522    0.0010336987
  0.0010561620    0.0010787676    0.0011016375    0.0011246361    0.0011479397
  0.0011713449    0.0011950212    0.0012189211    0.0012430649    0.0012674662
  0.0012921250    0.0013169939    0.0013421542    0.0013675652    0.0013932879
  0.0014193087    0.0014456345    0.0014722991    0.0014992822    0.0015266041
  0.0015542784    0.0015823727    0.0016108059    0.0016396288    0.0016688819
  0.0016985992    0.0017287400    0.0017594128    0.0017905396    0.0018221881
  0.0018543618    0.0018871521    0.0019205388    0.0019545353    0.0019891891
  0.0020245375    0.0020606143    0.0020708194    0.0020708329    0.0020708329
  0.0020708329    0.0020708329    0.0020708329    0.0020708329    0.0020708329
  0.0020708329    0.0020708329    0.0020708329    0.0020708329    0.0020708329
  0.0020708329    0.0020708329    0.0020708329    0.0020708329    0.0020708329
  0.0020708329    0.0020708329    0.0020708329    0.0020708329    0.0020708329
  0.0020708329    0.0020708329    0.0020708329    0.0020708329    0.0020708329
  0.0020708329    0.0020708329    0.0020708329    0.0020708329    0.0020708329
  0.0020708329    0.0020708329    0.0020708329    0.0020708329    0.0020708329
  0.0020708329    0.0020708329    0.0020708329    0.0020708329    0.0020708329
  0.0020708329    0.0020708329    0.0020708329    0.0020708329    0.0020708329
  0.0020708329    0.0020708329    0.0020708329    0.0020708329    0.0020708329
  0.0020708329    0.0020708329    0.0020708329    0.0020708329    0.0020708329
  0.0020708329    0.0020708329    0.0020708329    0.0020708329    0.0020708329
  0.0020708329    0.0020708329    0.0020708329    0.0020708329    0.0020708329
  0.0020708329    0.0020708329    0.0020708329    0.0020708329    0.0020708329
  0.0020708329    0.0020708329    0.0020708329    0.0020708329    0.0020708329
  0.0020708329    0.0020708329    0.0020708329    0.0020708329    0.0020708329
  0.0020708329    0.0020708329    0.0020708329    0.0020708329    0.0020708329
  0.0001020980    0.0001033448    0.0001071124    0.0001130823    0.0001210783
  0.0001306870    0.0001417120    0.0001538212    0.0001668723    0.0001806484
  0.0001950209    0.0002099219    0.0002252633    0.0002409097    0.0002569356
  0.0002732189    0.0002897463    0.0003064768    0.0003234311    0.0003405818
  0.0003578748    0.0003753440    0.0003929013    0.0004106280    0.0004285377
  0.0004465693    0.0004647094    0.0004829714    0.0005013622    0.0005199156
  0.0005385300    0.0005572799    0.0005761450    0.0005951389    0.0006142615
  0.0006334722    0.0006528252    0.0006722934    0.0006919039    0.0007116432
  0.0007314705    0.0007514063    0.0007715115    0.0007917183    0.0008121149
  0.0008326131    0.0008532671    0.0008740499    0.0008949750    0.0009160356
  0.0009372386    0.0009586312    0.0009802069    0.0010019383    0.0010238053
  0.0010458282    0.0010681018    0.0010904567    0.0011130623    0.0011358712
  0.0011588156    0.0011820514    0.0012054024    0.0012290245    0.0012528227
  0.0012768513    0.0013011578    0.0013257285    0.0013504687    0.0013755273
  0.0014008773    0.0014264509    0.0014523024    0.0014785536    0.0015049946
  0.0015317947    0.0015589336    0.0015864588    0.0016142889    0.0016424985
  0.0016711215    0.0017000832    0.0017295261    0.0017593857    0.0017896790
  0.0018204839    0.0018517834    0.0018835675    0.0019159140    0.0019488060
  0.0019823248    0.0020164365    0.0020512258    0.0020866724    0.0021228475
  0.0021237759    0.0021237793    0.0021237793    0.0021237793    0.0021237793
  0.0021237793    0.0021237793    0.0021237793    0.0021237793    0.0021237793
  0.0021237793    0.0021237793    0.0021237793    0.0021237793    0.0021237793
  0.0021237793    0.0021237793    0.0021237793    0.0021237793    0.0021237793
  0.0021237793    0.0021237793    0.0021237793    0.0021237793    0.0021237793
  0.0021237793    0.0021237793    0.0021237793    0.0021237793    0.0021237793
  0.0021237793    0.0021237793    0.0021237793    0.0021237793    0.0021237793
  0.0021237793    0.0021237793    0.0021237793    0.0021237793    0.0021237793
  0.0021237793    0.0021237793    0.0021237793    0.0021237793    0.0021237793
  0.0021237793    0.0021237793    0.0021237793    0.0021237793    0.0021237793
  0.0021237793    0.0021237793    0.0021237793    0.0021237793    0.0021237793
  0.0021237793    0.0021237793    0.0021237793    0.0021237793    0.0021237793
  0.0021237793    0.0021237793    0.0021237793    0.0021237793    0.0021237793
  0.0021237793    0.0021237793    0.0021237793    0.0021237793    0.0021237793
  0.0021237793    0.0021237793    0.0021237793    0.0021237793    0.0021237793
  0.0021237793    0.0021237793    0.0021237793    0.0021237793    0.0021237793
  0.0021237793    0.0021237793    0.0021237793    0.0021237793    0.0021237793
  0.0001071869    0.0001083457    0.0001119032    0.0001176156    0.0001252118
  0.0001344140    0.0001449646    0.0001567011    0.0001693117    0.0001827084
  0.0001968098    0.0002113517    0.0002263611    0.0002417500    0.0002575522
  0.0002735239    0.0002898140    0.0003062871    0.0003229771    0.0003399313
  0.0003569871    0.0003742395    0.0003916206    0.0004092050    0.0004268572
  0.0004446923    0.0004626020    0.0004806946    0.0004988482    0.0005171915
  0.0005356094    0.0005541493    0.0005728043    0.0005915949    0.0006105007
  0.0006295149    0.0006486375    0.0006678414    0.0006872215    0.0007067101
  0.0007263341    0.0007460598    0.0007658804    0.0007858704    0.0008059485
  0.0008261688    0.0008465247    0.0008670433    0.0008876634    0.0009084259
  0.0009293578    0.0009504184    0.0009716213    0.0009930208    0.0010145219
  0.0010362195    0.0010580322    0.0010800483    0.0011022338    0.0011246294
  0.0011471333    0.0011698948    0.0011928325    0.0012159734    0.0012392837
  0.0012627906    0.0012865685    0.0013105158    0.0013347206    0.0013591626
  0.0013838960    0.0014087852    0.0014340200    0.0014595191    0.0014852553
  0.0015112762    0.0015376223    0.0015642327    0.0015912022    0.0016185377
  0.0016461577    0.0016741640    0.0017025227    0.0017313015    0.0017604597
  0.0017900178    0.0018200434    0.0018504892    0.0018814093    0.0019128342
  0.0019448012    0.0019772527    0.0020102836    0.0020439413    0.0020781615
  0.0021130423    0.0021486143    0.0021764139    0.0021764241    0.0021764241
  0.0021764241    0.0021764241    0.0021764241    0.0021764241    0.0021764241
  0.0021764241    0.0021764241    0.0021764241    0.0021764241    0.0021764241
  0.0021764241    0.0021764241    0.0021764241    0.0021764241    0.0021764241
  0.0021764241    0.0021764241    0.0021764241    0.0021764241    0.0021764241
  0.0021764241    0.0021764241    0.0021764241    0.0021764241    0.0021764241
  0.0021764241    0.0021764241    0.0021764241    0.0021764241    0.0021764241
  0.0021764241    0.0021764241    0.0021764241    0.0021764241    0.0021764241
  0.0021764241    0.0021764241    0.0021764241    0.0021764241    0.0021764241
  0.0021764241    0.0021764241    0.0021764241    0.0021764241    0.0021764241
  0.0021764241    0.0021764241    0.0021764241    0.0021764241    0.0021764241
  0.0021764241    0.0021764241    0.0021764241    0.0021764241    0.0021764241
  0.0021764241    0.0021764241    0.0021764241    0.0021764241    0.0021764241
  0.0021764241    0.0021764241    0.0021764241    0.0021764241    0.0021764241
  0.0021764241    0.0021764241    0.0021764241    0.0021764241    0.0021764241
  0.0021764241    0.0021764241    0.0021764241    0.0021764241    0.0021764241
  0.0021764241    0.0021764241    0.0021764241    0.0021764241    0.0021764241
  0.0001123843    0.0001134550    0.0001168025    0.0001222099    0.0001294334
  0.0001382764    0.0001484273    0.0001597640    0.0001719816    0.0001850530
  0.0001987343    0.0002129509    0.0002276486    0.0002427800    0.0002582705
  0.0002740118    0.0002900376    0.0003063278    0.0003228212    0.0003394840
  0.0003563163    0.0003733382    0.0003905567    0.0004078972    0.0004253867
  0.0004429372    0.0004607114    0.0004786278    0.0004965781    0.0005147114
  0.0005329125    0.0005512965    0.0005697076    0.0005882745    0.0006069703
  0.0006258015    0.0006447073    0.0006637350    0.0006828509    0.0007021158
  0.0007214620    0.0007409776    0.0007605814    0.0007803410    0.0008001683
  0.0008201583    0.0008402296    0.0008604635    0.0008807991    0.0009012769
  0.0009219513    0.0009427138    0.0009635847    0.0009846114    0.0010058279
  0.0010271460    0.0010486539    0.0010703447    0.0010921507    0.0011140923
  0.0011362710    0.0011585784    0.0011810824    0.0012037829    0.0012266596
  0.0012497124    0.0012729957    0.0012964754    0.0013201856    0.0013440651
  0.0013681412    0.0013925425    0.0014171064    0.0014419482    0.0014670814
  0.0014924178    0.0015180253    0.0015439242    0.0015700942    0.0015966029
  0.0016233691    0.0016505013    0.0016779926    0.0017057685    0.0017339442
  0.0017624519    0.0017913188    0.0018206533    0.0018503333    0.0018805012
  0.0019111096    0.0019421652    0.0019737629    0.0020058282    0.0020384593
  0.0020715783    0.0021053546    0.0021396865    0.0021746656    0.0022103460
  0.0022288046    0.0022288181    0.0022288181    0.0022288181    0.0022288181
  0.0022288181    0.0022288181    0.0022288181    0.0022288181    0.0022288181
  0.0022288181    0.0022288181    0.0022288181    0.0022288181    0.0022288181
  0.0022288181    0.0022288181    0.0022288181    0.0022288181    0.0022288181
  0.0022288181    0.0022288181    0.0022288181    0.0022288181    0.0022288181
  0.0022288181    0.0022288181    0.0022288181    0.0022288181    0.0022288181
  0.0022288181    0.0022288181    0.0022288181    0.0022288181    0.0022288181
  0.0022288181    0.0022288181    0.0022288181    0.0022288181    0.0022288181
  0.0022288181    0.0022288181    0.0022288181    0.0022288181    0.0022288181
  0.0022288181    0.0022288181    0.0022288181    0.0022288181    0.0022288181
  0.0022288181    0.0022288181    0.0022288181    0.0022288181    0.0022288181
  0.0022288181    0.0022288181    0.0022288181    0.0022288181    0.0022288181
  0.0022288181    0.0022288181    0.0022288181    0.0022288181    0.0022288181
  0.0022288181    0.0022288181    0.0022288181    0.0022288181    0.0022288181
  0.0022288181    0.0022288181    0.0022288181    0.0022288181    0.0022288181
  0.0022288181    0.0022288181    0.0022288181    0.0022288181    0.0022288181
  0.0001175817    0.0001186253    0.0001218033    0.0001269397    0.0001337973
  0.0001422812    0.0001520729    0.0001629895    0.0001748208    0.0001875195
  0.0002008756    0.0002147940    0.0002291868    0.0002440336    0.0002591921
  0.0002746894    0.0002904849    0.0003064972    0.0003227805    0.0003391926
  0.0003558284    0.0003726809    0.0003896148    0.0004067723    0.0004240518
  0.0004414532    0.0004590309    0.0004767101    0.0004944978    0.0005124346
  0.0005304595    0.0005485927    0.0005668480    0.0005852456    0.0006036973
  0.0006222846    0.0006410007    0.0006598183    0.0006787851    0.0006978061
  0.0007169693    0.0007362072    0.0007556008    0.0007750623    0.0007947202
  0.0008144459    0.0008342868    0.0008542632    0.0008743955    0.0008945888
  0.0009149243    0.0009353954    0.0009560766    0.0009767848    0.0009976964
  0.0010187435    0.0010398719    0.0010612035    0.0010826775    0.0011043412
  0.0011260998    0.0011480142    0.0011701659    0.0011924055    0.0012149095
  0.0012375016    0.0012603647    0.0012833633    0.0013065991    0.0013299840
  0.0013535993    0.0013773975    0.0014014601    0.0014257530    0.0014502492
  0.0014749825    0.0014999463    0.0015251879    0.0015507073    0.0015764571
  0.0016024847    0.0016288444    0.0016554886    0.0016824649    0.0017096987
  0.0017373052    0.0017652776    0.0017935753    0.0018222389    0.0018512752
  0.0018807655    0.0019105743    0.0019408845    0.0019716217    0.0020028534
  0.0020345393    0.0020667401    0.0020994762    0.0021327205    0.0021666256
  0.0022010524    0.0022361704    0.0022719118    0.0022808835    0.0022808700
  0.0022808700    0.0022808700    0.0022808700    0.0022808700    0.0022808700
  0.0022808700    0.0022808700    0.0022808700    0.0022808700    0.0022808700
  0.0022808700    0.0022808700    0.0022808700    0.0022808700    0.0022808700
  0.0022808700    0.0022808700    0.0022808700    0.0022808700    0.0022808700
  0.0022808700    0.0022808700    0.0022808700    0.0022808700    0.0022808700
  0.0022808700    0.0022808700    0.0022808700    0.0022808700    0.0022808700
  0.0022808700    0.0022808700    0.0022808700    0.0022808700    0.0022808700
  0.0022808700    0.0022808700    0.0022808700    0.0022808700    0.0022808700
  0.0022808700    0.0022808700    0.0022808700    0.0022808700    0.0022808700
  0.0022808700    0.0022808700    0.0022808700    0.0022808700    0.0022808700
  0.0022808700    0.0022808700    0.0022808700    0.0022808700    0.0022808700
  0.0022808700    0.0022808700    0.0022808700    0.0022808700    0.0022808700
  0.0022808700    0.0022808700    0.0022808700    0.0022808700    0.0022808700
  0.0022808700    0.0022808700    0.0022808700    0.0022808700    0.0022808700
  0.0022808700    0.0022808700    0.0022808700    0.0022808700    0.0022808700
  0.0001228469    0.0001238565    0.0001268855    0.0001317441    0.0001383306
  0.0001464418    0.0001558744    0.0001663912    0.0001779040    0.0001902165
  0.0002031998    0.0002168201    0.0002309080    0.0002454430    0.0002603373
  0.0002755432    0.0002910744    0.0003068563    0.0003229025    0.0003391520
  0.0003555573    0.0003721727    0.0003889508    0.0004058982    0.0004229337
  0.0004401386    0.0004574994    0.0004749686    0.0004925666    0.0005103678
  0.0005281759    0.0005461397    0.0005642188    0.0005823453    0.0006006548
  0.0006190998    0.0006376125    0.0006562134    0.0006749565    0.0006937742
  0.0007127206    0.0007317687    0.0007509116    0.0007702172    0.0007895770
  0.0008091333    0.0008287032    0.0008484627    0.0008682630    0.0008882801
  0.0009084327    0.0009285785    0.0009489412    0.0009693987    0.0009900121
  0.0010107407    0.0010316184    0.0010526451    0.0010737735    0.0010950849
  0.0011165453    0.0011381548    0.0011598795    0.0011817939    0.0012038778
  0.0012261446    0.0012485401    0.0012711457    0.0012939072    0.0013168042
  0.0013400265    0.0013633571    0.0013869317    0.0014106961    0.0014346637
  0.0014587872    0.0014832292    0.0015078881    0.0015327502    0.0015578630
  0.0015832333    0.0016089221    0.0016348278    0.0016609842    0.0016875268
  0.0017142930    0.0017413574    0.0017687810    0.0017965501    0.0018245835
  0.0018531184    0.0018819107    0.0019110825    0.0019406677    0.0019706730
  0.0020010984    0.0020320117    0.0020633655    0.0020951800    0.0021274960
  0.0021603203    0.0021937272    0.0022277034    0.0022622590    0.0022974447
  0.0023326813    0.0023327186    0.0023327186    0.0023327186    0.0023327186
  0.0023327186    0.0023327186    0.0023327186    0.0023327186    0.0023327186
  0.0023327186    0.0023327186    0.0023327186    0.0023327186    0.0023327186
  0.0023327186    0.0023327186    0.0023327186    0.0023327186    0.0023327186
  0.0023327186    0.0023327186    0.0023327186    0.0023327186    0.0023327186
  0.0023327186    0.0023327186    0.0023327186    0.0023327186    0.0023327186
  0.0023327186    0.0023327186    0.0023327186    0.0023327186    0.0023327186
  0.0023327186    0.0023327186    0.0023327186    0.0023327186    0.0023327186
  0.0023327186    0.0023327186    0.0023327186    0.0023327186    0.0023327186
  0.0023327186    0.0023327186    0.0023327186    0.0023327186    0.0023327186
  0.0023327186    0.0023327186    0.0023327186    0.0023327186    0.0023327186
  0.0023327186    0.0023327186    0.0023327186    0.0023327186    0.0023327186
  0.0023327186    0.0023327186    0.0023327186    0.0023327186    0.0023327186
  0.0023327186    0.0023327186    0.0023327186    0.0023327186    0.0023327186
  0.0023327186    0.0023327186    0.0023327186    0.0023327186    0.0023327186
  0.0001282476    0.0001291827    0.0001320829    0.0001367043    0.0001429521
  0.0001507583    0.0001598114    0.0001699622    0.0001811227    0.0001930490
  0.0002057274    0.0002190021    0.0002328121    0.0002470219    0.0002616586
  0.0002765868    0.0002918808    0.0003074391    0.0003232007    0.0003392062
  0.0003553947    0.0003718204    0.0003883951    0.0004051325    0.0004219918
  0.0004390138    0.0004561984    0.0004734779    0.0004909200    0.0005084231
  0.0005261227    0.0005438832    0.0005617929    0.0005797568    0.0005978833
  0.0006160776    0.0006343802    0.0006528320    0.0006713515    0.0006899930
  0.0007087294    0.0007275810    0.0007465206    0.0007655958    0.0007847997
  0.0008040579    0.0008234922    0.0008429604    0.0008625845    0.0008823170
  0.0009021850    0.0009221411    0.0009421988    0.0009624530    0.0009828089
  0.0010032733    0.0010238663    0.0010445610    0.0010654523    0.0010864316
  0.0011075532    0.0011288171    0.0011502640    0.0011718125    0.0011935575
  0.0012154245    0.0012374609    0.0012596938    0.0012820284    0.0013045934
  0.0013273413    0.0013502315    0.0013733250    0.0013966286    0.0014201016
  0.0014438049    0.0014676438    0.0014917741    0.0015161009    0.0015406377
  0.0015654050    0.0015904500    0.0016156984    0.0016412246    0.0016670083
  0.0016930766    0.0017194023    0.0017460263    0.0017729145    0.0018002567
  0.0018277887    0.0018556730    0.0018838758    0.0019124920    0.0019414131
  0.0019707678    0.0020004885    0.0020306294    0.0020612242    0.0020922459
  0.0021236675    0.0021556040    0.0021880691    0.0022210695    0.0022545849
  0.0022886424    0.0023233097    0.0023585870    0.0023842656    0.0023842250
  0.0023842250    0.0023842250    0.0023842250    0.0023842250    0.0023842250
  0.0023842250    0.0023842250    0.0023842250    0.0023842250    0.0023842250
  0.0023842250    0.0023842250    0.0023842250    0.0023842250    0.0023842250
  0.0023842250    0.0023842250    0.0023842250    0.0023842250    0.0023842250
  0.0023842250    0.0023842250    0.0023842250    0.0023842250    0.0023842250
  0.0023842250    0.0023842250    0.0023842250    0.0023842250    0.0023842250
  0.0023842250    0.0023842250    0.0023842250    0.0023842250    0.0023842250
  0.0023842250    0.0023842250    0.0023842250    0.0023842250    0.0023842250
  0.0023842250    0.0023842250    0.0023842250    0.0023842250    0.0023842250
  0.0023842250    0.0023842250    0.0023842250    0.0023842250    0.0023842250
  0.0023842250    0.0023842250    0.0023842250    0.0023842250    0.0023842250
  0.0023842250    0.0023842250    0.0023842250    0.0023842250    0.0023842250
  0.0023842250    0.0023842250    0.0023842250    0.0023842250    0.0023842250
  0.0023842250    0.0023842250    0.0023842250    0.0023842250    0.0023842250
  0.0001337092    0.0001345901    0.0001372871    0.0001417459    0.0001477225
  0.0001551222    0.0001638907    0.0001736892    0.0001844770    0.0001960915
  0.0002084650    0.0002214076    0.0002349060    0.0002488041    0.0002631901
  0.0002778268    0.0002928633    0.0003081099    0.0003236886    0.0003394908
  0.0003554828    0.0003716510    0.0003880156    0.0004045633    0.0004212600
  0.0004380787    0.0004550600    0.0004721768    0.0004894089    0.0005067493
  0.0005242253    0.0005418165    0.0005595296    0.0005773444    0.0005952609
  0.0006132586    0.0006314190    0.0006496133    0.0006679770    0.0006864558
  0.0007050092    0.0007236643    0.0007424210    0.0007612997    0.0007802054
  0.0007993348    0.0008185049    0.0008378105    0.0008571906    0.0008766927
  0.0008963438    0.0009160695    0.0009359104    0.0009559004    0.0009759717
  0.0009961785    0.0010165005    0.0010369648    0.0010575172    0.0010782594
  0.0010990964    0.0011200825    0.0011411838    0.0011624477    0.0011838132
  0.0012053753    0.0012270797    0.0012489399    0.0012709221    0.0012931212
  0.0013154286    0.0013379258    0.0013605856    0.0013834487    0.0014064880
  0.0014297374    0.0014531562    0.0014767511    0.0015005629    0.0015246186
  0.0015488506    0.0015733129    0.0015979649    0.0016228880    0.0016480754
  0.0016734525    0.0016990871    0.0017250199    0.0017512372    0.0017777121
  0.0018044987    0.0018315766    0.0018589392    0.0018866541    0.0019146672
  0.0019430394    0.0019717504    0.0020008409    0.0020303109    0.0020602213
  0.0020904502    0.0021211670    0.0021523175    0.0021839423    0.0022159737
  0.0022485608    0.0022816086    0.0023152324    0.0023494051    0.0023841945
  0.0024195733    0.0024355382    0.0024355314    0.0024355314    0.0024355314
  0.0024355314    0.0024355314    0.0024355314    0.0024355314    0.0024355314
  0.0024355314    0.0024355314    0.0024355314    0.0024355314    0.0024355314
  0.0024355314    0.0024355314    0.0024355314    0.0024355314    0.0024355314
  0.0024355314    0.0024355314    0.0024355314    0.0024355314    0.0024355314
  0.0024355314    0.0024355314    0.0024355314    0.0024355314    0.0024355314
  0.0024355314    0.0024355314    0.0024355314    0.0024355314    0.0024355314
  0.0024355314    0.0024355314    0.0024355314    0.0024355314    0.0024355314
  0.0024355314    0.0024355314    0.0024355314    0.0024355314    0.0024355314
  0.0024355314    0.0024355314    0.0024355314    0.0024355314    0.0024355314
  0.0024355314    0.0024355314    0.0024355314    0.0024355314    0.0024355314
  0.0024355314    0.0024355314    0.0024355314    0.0024355314    0.0024355314
  0.0024355314    0.0024355314    0.0024355314    0.0024355314    0.0024355314
  0.0024355314    0.0024355314    0.0024355314    0.0024355314    0.0024355314
  0.0001391302    0.0001399705    0.0001425590    0.0001468281    0.0001525608
  0.0001597301    0.0001680649    0.0001776330    0.0001879871    0.0001993170
  0.0002112432    0.0002238471    0.0002371150    0.0002506811    0.0002647486
  0.0002792769    0.0002940085    0.0003090518    0.0003243662    0.0003399787
  0.0003557132    0.0003716781    0.0003878462    0.0004041838    0.0004207043
  0.0004373401    0.0004540774    0.0004709910    0.0004880604    0.0005052653
  0.0005225109    0.0005399395    0.0005574832    0.0005750947    0.0005928417
  0.0006106701    0.0006286543    0.0006466588    0.0006648599    0.0006831287
  0.0007014856    0.0007199509    0.0007385382    0.0007571865    0.0007759974
  0.0007948489    0.0008138293    0.0008328841    0.0008521219    0.0008713936
  0.0008908008    0.0009103165    0.0009299609    0.0009497137    0.0009695342
  0.0009894971    0.0010095820    0.0010297752    0.0010500566    0.0010705209
  0.0010911004    0.0011117951    0.0011325982    0.0011536250    0.0011746653
  0.0011959699    0.0012172677    0.0012387958    0.0012604460    0.0012822927
  0.0013042613    0.0013263655    0.0013486865    0.0013711702    0.0013937826
  0.0014165576    0.0014395562    0.0014627243    0.0014860685    0.0015096160
  0.0015333668    0.0015572870    0.0015814851    0.0016058525    0.0016304232
  0.0016552515    0.0016802965    0.0017056059    0.0017310914    0.0017569293
  0.0017829772    0.0018093572    0.0018359609    0.0018628897    0.0018900896
  0.0019175538    0.0019454043    0.0019735935    0.0020021013    0.0020309343
  0.0020601739    0.0020897794    0.0021197779    0.0021501694    0.0021810285
  0.0022122874    0.0022440071    0.0022761673    0.0023088695    0.0023420461
  0.0023758122    0.0024100391    0.0024449504    0.0024803767    0.0024865974
  0.0024865635    0.0024865635    0.0024865635    0.0024865635    0.0024865635
  0.0024865635    0.0024865635    0.0024865635    0.0024865635    0.0024865635
  0.0024865635    0.0024865635    0.0024865635    0.0024865635    0.0024865635
  0.0024865635    0.0024865635    0.0024865635    0.0024865635    0.0024865635
  0.0024865635    0.0024865635    0.0024865635    0.0024865635    0.0024865635
  0.0024865635    0.0024865635    0.0024865635    0.0024865635    0.0024865635
  0.0024865635    0.0024865635    0.0024865635    0.0024865635    0.0024865635
  0.0024865635    0.0024865635    0.0024865635    0.0024865635    0.0024865635
  0.0024865635    0.0024865635    0.0024865635    0.0024865635    0.0024865635
  0.0024865635    0.0024865635    0.0024865635    0.0024865635    0.0024865635
  0.0024865635    0.0024865635    0.0024865635    0.0024865635    0.0024865635
  0.0024865635    0.0024865635    0.0024865635    0.0024865635    0.0024865635
  0.0024865635    0.0024865635    0.0024865635    0.0024865635    0.0024865635
  0.0001446868    0.0001454728    0.0001479936    0.0001520322    0.0001575752
  0.0001643379    0.0001724288    0.0001816039    0.0001916734    0.0002026238
  0.0002143197    0.0002266525    0.0002394867    0.0002528766    0.0002666189
  0.0002808490    0.0002953096    0.0003101225    0.0003252335    0.0003405615
  0.0003561062    0.0003718407    0.0003878191    0.0004039466    0.0004202774
  0.0004366963    0.0004533117    0.0004700220    0.0004869287    0.0005039236
  0.0005210337    0.0005382725    0.0005556197    0.0005730686    0.0005906124
  0.0006082713    0.0006260929    0.0006439483    0.0006619461    0.0006800184
  0.0006981991    0.0007164679    0.0007348858    0.0007533376    0.0007719655
  0.0007906341    0.0008094247    0.0008283101    0.0008472904    0.0008663995
  0.0008855696    0.0009049022    0.0009242891    0.0009438183    0.0009634017
  0.0009831681    0.0010030022    0.0010229719    0.0010430703    0.0010632296
  0.0010835855    0.0011040160    0.0011245616    0.0011452224    0.0011660527
  0.0011869642    0.0012080655    0.0012292549    0.0012506069    0.0012721012
  0.0012937785    0.0013155506    0.0013374650    0.0013595624    0.0013818496
  0.0014042587    0.0014268236    0.0014495580    0.0014725160    0.0014956095
  0.0015189198    0.0015423589    0.0015660419    0.0015899283    0.0016139840
  0.0016382837    0.0016627799    0.0016874794    0.0017124838    0.0017376440
  0.0017630821    0.0017887710    0.0018146902    0.0018408872    0.0018673553
  0.0018941215    0.0019211385    0.0019484807    0.0019761617    0.0020041206
  0.0020323912    0.0020610548    0.0020900369    0.0021193984    0.0021491327
  0.0021792328    0.0022097870    0.0022406935    0.0022721083    0.0023039364
  0.0023362727    0.0023690427    0.0024023616    0.0024361820    0.0024705783
  0.0025055370    0.0025373651    0.0025373651    0.0025373651    0.0025373651
  0.0025373651    0.0025373651    0.0025373651    0.0025373651    0.0025373651
  0.0025373651    0.0025373651    0.0025373651    0.0025373651    0.0025373651
  0.0025373651    0.0025373651    0.0025373651    0.0025373651    0.0025373651
  0.0025373651    0.0025373651    0.0025373651    0.0025373651    0.0025373651
  0.0025373651    0.0025373651    0.0025373651    0.0025373651    0.0025373651
  0.0025373651    0.0025373651    0.0025373651    0.0025373651    0.0025373651
  0.0025373651    0.0025373651    0.0025373651    0.0025373651    0.0025373651
  0.0025373651    0.0025373651    0.0025373651    0.0025373651    0.0025373651
  0.0025373651    0.0025373651    0.0025373651    0.0025373651    0.0025373651
  0.0025373651    0.0025373651    0.0025373651    0.0025373651    0.0025373651
  0.0025373651    0.0025373651    0.0025373651    0.0025373651    0.0025373651
  0.0025373651    0.0025373651    0.0025373651    0.0025373651    0.0025373651
  0.0001502027    0.0001511107    0.0001533875    0.0001572635    0.0001625626
  0.0001691626    0.0001769689    0.0001857780    0.0001955901    0.0002061475
  0.0002175452    0.0002294985    0.0002421430    0.0002551534    0.0002687466
  0.0002825973    0.0002968681    0.0003114913    0.0003262906    0.0003413882
  0.0003567025    0.0003723421    0.0003880224    0.0004039060    0.0004200470
  0.0004362694    0.0004527357    0.0004692563    0.0004859259    0.0005027310
  0.0005196852    0.0005367275    0.0005539053    0.0005712390    0.0005885863
  0.0006061097    0.0006236873    0.0006414343    0.0006591610    0.0006771317
  0.0006951633    0.0007132560    0.0007314638    0.0007497732    0.0007681708
  0.0007866497    0.0008053047    0.0008239665    0.0008427978    0.0008616765
  0.0008806500    0.0008997591    0.0009189630    0.0009382686    0.0009576826
  0.0009771982    0.0009968223    0.0010165480    0.0010363956    0.0010563382
  0.0010764230    0.0010966095    0.0011169180    0.0011373010    0.0011578805
  0.0011785616    0.0011993444    0.0012202289    0.0012413437    0.0012625467
  0.0012838241    0.0013052845    0.0013269415    0.0013486594    0.0013705603
  0.0013925899    0.0014148500    0.0014371913    0.0014597020    0.0014824364
  0.0015052995    0.0015283659    0.0015515678    0.0015749798    0.0015985612
  0.0016224069    0.0016464017    0.0016705929    0.0016950281    0.0017196666
  0.0017445423    0.0017695806    0.0017948831    0.0018204500    0.0018462879
  0.0018723494    0.0018986887    0.0019252585    0.0019521196    0.0019793195
  0.0020067634    0.0020345460    0.0020626540    0.0020911346    0.0021198795
  0.0021489971    0.0021784739    0.0022083436    0.0022385726    0.0022692284
  0.0023003517    0.0023318343    0.0023637844    0.0023962156    0.0024291346
  0.0024625281    0.0024964500    0.0025309344    0.0025659813    0.0025879228
  0.0025879228    0.0025879228    0.0025879228    0.0025879228    0.0025879228
  0.0025879228    0.0025879228    0.0025879228    0.0025879228    0.0025879228
  0.0025879228    0.0025879228    0.0025879228    0.0025879228    0.0025879228
  0.0025879228    0.0025879228    0.0025879228    0.0025879228    0.0025879228
  0.0025879228    0.0025879228    0.0025879228    0.0025879228    0.0025879228
  0.0025879228    0.0025879228    0.0025879228    0.0025879228    0.0025879228
  0.0025879228    0.0025879228    0.0025879228    0.0025879228    0.0025879228
  0.0025879228    0.0025879228    0.0025879228    0.0025879228    0.0025879228
  0.0025879228    0.0025879228    0.0025879228    0.0025879228    0.0025879228
  0.0025879228    0.0025879228    0.0025879228    0.0025879228    0.0025879228
  0.0025879228    0.0025879228    0.0025879228    0.0025879228    0.0025879228
  0.0025879228    0.0025879228    0.0025879228    0.0025879228    0.0025879228
  0.0001559083    0.0001566401    0.0001589847    0.0001626710    0.0001677532
  0.0001740822    0.0001814683    0.0001900606    0.0001995068    0.0002098473
  0.0002208384    0.0002325885    0.0002448400    0.0002576471    0.0002708879
  0.0002845082    0.0002984944    0.0003128601    0.0003274968    0.0003423775
  0.0003574344    0.0003727487    0.0003883206    0.0004040415    0.0004199115
  0.0004360390    0.0004522207    0.0004686193    0.0004851805    0.0005017552
  0.0005184926    0.0005353655    0.0005523468    0.0005695178    0.0005867431
  0.0006041107    0.0006215460    0.0006390559    0.0006566945    0.0006744551
  0.0006922699    0.0007102405    0.0007282383    0.0007464054    0.0007646200
  0.0007829363    0.0008013270    0.0008198805    0.0008384813    0.0008571973
  0.0008759879    0.0008948937    0.0009139011    0.0009330576    0.0009522277
  0.0009715265    0.0009909472    0.0010104764    0.0010301140    0.0010498194
  0.0010696468    0.0010896503    0.0011096674    0.0011298539    0.0011501352
  0.0011705928    0.0011910842    0.0012117315    0.0012324939    0.0012534461
  0.0012744458    0.0012956148    0.0013169194    0.0013383798    0.0013599419
  0.0013816327    0.0014035404    0.0014255632    0.0014477148    0.0014700697
  0.0014925534    0.0015151861    0.0015379882    0.0015609936    0.0015841820
  0.0016074991    0.0016310534    0.0016547839    0.0016787177    0.0017028683
  0.0017271544    0.0017516641    0.0017764653    0.0018014290    0.0018266299
  0.0018521426    0.0018778111    0.0019037506    0.0019299273    0.0019563683
  0.0019831345    0.0020101176    0.0020374259    0.0020649986    0.0020929371
  0.0021211602    0.0021497154    0.0021786162    0.0022078219    0.0022374612
  0.0022674530    0.0022978784    0.0023286291    0.0023598338    0.0023914315
  0.0024234968    0.0024560093    0.0024890300    0.0025225658    0.0025565962
  0.0025911754    0.0026262629    0.0026381959    0.0026382163    0.0026382163
  0.0026382163    0.0026382163    0.0026382163    0.0026382163    0.0026382163
  0.0026382163    0.0026382163    0.0026382163    0.0026382163    0.0026382163
  0.0026382163    0.0026382163    0.0026382163    0.0026382163    0.0026382163
  0.0026382163    0.0026382163    0.0026382163    0.0026382163    0.0026382163
  0.0026382163    0.0026382163    0.0026382163    0.0026382163    0.0026382163
  0.0026382163    0.0026382163    0.0026382163    0.0026382163    0.0026382163
  0.0026382163    0.0026382163    0.0026382163    0.0026382163    0.0026382163
  0.0026382163    0.0026382163    0.0026382163    0.0026382163    0.0026382163
  0.0026382163    0.0026382163    0.0026382163    0.0026382163    0.0026382163
  0.0026382163    0.0026382163    0.0026382163    0.0026382163    0.0026382163
  0.0026382163    0.0026382163    0.0026382163    0.0026382163    0.0026382163
  0.0001616003    0.0001623728    0.0001645277    0.0001680513    0.0001729574
  0.0001789882    0.0001861982    0.0001944923    0.0002036809    0.0002136962
  0.0002244298    0.0002358275    0.0002477944    0.0002602898    0.0002732189
  0.0002866359    0.0003003240    0.0003144999    0.0003287979    0.0003435024
  0.0003583695    0.0003734805    0.0003888491    0.0004043668    0.0004200470
  0.0004359306    0.0004520174    0.0004682263    0.0004844351    0.0005010098
  0.0005175168    0.0005342677    0.0005511000    0.0005680271    0.0005850355
  0.0006023150    0.0006195538    0.0006368875    0.0006543702    0.0006719072
  0.0006896203    0.0007073674    0.0007252635    0.0007432274    0.0007612590
  0.0007794194    0.0007976814    0.0008159773    0.0008344291    0.0008529622
  0.0008716037    0.0008903333    0.0009091239    0.0009280364    0.0009470370
  0.0009661529    0.0009853975    0.0010046963    0.0010240899    0.0010436327
  0.0010632771    0.0010829689    0.0011028030    0.0011227388    0.0011428304
  0.0011630101    0.0011832644    0.0012036609    0.0012241456    0.0012448064
  0.0012655756    0.0012864465    0.0013074936    0.0013286220    0.0013498724
  0.0013713057    0.0013928678    0.0014145382    0.0014363578    0.0014584078
  0.0014804984    0.0015027652    0.0015252285    0.0015478477    0.0015705888
  0.0015935332    0.0016166471    0.0016399439    0.0016634372    0.0016870999
  0.0017109456    0.0017349606    0.0017591993    0.0017836752    0.0018083544
  0.0018331623    0.0018583022    0.0018836522    0.0019092123    0.0019350163
  0.0019611049    0.0019874442    0.0020140072    0.0020408615    0.0020680072
  0.0020954443    0.0021231660    0.0021512265    0.0021795920    0.0022082623
  0.0022372647    0.0022666669    0.0022964012    0.0023265014    0.0023569539
  0.0023878536    0.0024191803    0.0024509000    0.0024830940    0.0025157353
  0.0025488577    0.0025824815    0.0026166271    0.0026512470    0.0026864700
  0.0026882861    0.0026882928    0.0026882928    0.0026882928    0.0026882928
  0.0026882928    0.0026882928    0.0026882928    0.0026882928    0.0026882928
  0.0026882928    0.0026882928    0.0026882928    0.0026882928    0.0026882928
  0.0026882928    0.0026882928    0.0026882928    0.0026882928    0.0026882928
  0.0026882928    0.0026882928    0.0026882928    0.0026882928    0.0026882928
  0.0026882928    0.0026882928    0.0026882928    0.0026882928    0.0026882928
  0.0026882928    0.0026882928    0.0026882928    0.0026882928    0.0026882928
  0.0026882928    0.0026882928    0.0026882928    0.0026882928    0.0026882928
  0.0026882928    0.0026882928    0.0026882928    0.0026882928    0.0026882928
  0.0026882928    0.0026882928    0.0026882928    0.0026882928    0.0026882928
  0.0026882928    0.0026882928    0.0026882928    0.0026882928    0.0026882928
